
---------------------SETING TEXT SB--------------------

textesbe ="TEST"




-------------------SCRIPT HELPER BTK-----------------














TITITCOMUNITY = "MADE WITHOUT GF"; x_TITIT_x = "TITIT COMMUNITY WUS HERE"; xx_TITIT_xx = "ada apa gerangan sih kawan"; xxx_TITIT_xxx = "kalau tidak tau silahkan bertanya"; xxxx_TITIT_xxxx = "dm bilsx in discord"; ;local BIGDICK = {27, 76, 117, 97, 84, 0, 25, 147, 13, 10, 26, 10, 4, 8, 8, 120, 86, 0, 0, 0, 0, 0, 0, 0, 0, 0, 0, 0, 40, 119, 64, 1, 128, 128, 128, 0, 1, 20, 2, 203, 81, 0, 0, 0, 15, 128, 0, 1, 15, 128, 2, 3, 15, 128, 4, 5, 15, 128, 6, 7, 19, 0, 0, 0, 82, 0, 0, 0, 15, 0, 8, 0, 5, 0, 0, 0, 133, 0, 0, 0, 5, 1, 0, 0, 135, 1, 0, 0, 5, 2, 0, 0, 133, 2, 0, 0, 15, 128, 9, 1, 5, 3, 0, 0, 129, 3, 2, 128, 8, 4, 1, 0, 7, 5, 0, 0, 15, 128, 10, 11, 207, 5, 0, 0, 15, 0, 12, 11, 207, 133, 0, 0, 15, 0, 13, 11, 207, 5, 1, 0, 15, 0, 14, 11, 207, 133, 1, 0, 15, 0, 15, 11, 207, 5, 2, 0, 15, 0, 16, 11, 207, 133, 2, 0, 15, 0, 17, 11, 207, 5, 3, 0, 15, 0, 18, 11, 207, 133, 3, 0, 15, 0, 19, 11, 207, 5, 4, 0, 15, 0, 20, 11, 207, 133, 4, 0, 15, 0, 21, 11, 139, 5, 0, 22, 79, 6, 5, 0, 146, 5, 23, 12, 207, 133, 5, 0, 15, 0, 24, 11, 207, 5, 6, 0, 15, 0, 25, 11, 207, 133, 6, 0, 15, 0, 26, 11, 207, 5, 7, 0, 15, 0, 27, 11, 207, 133, 7, 0, 15, 0, 28, 11, 139, 5, 0, 29, 11, 6, 0, 27, 131, 6, 15, 0, 196, 5, 3, 1, 139, 5, 0, 29, 11, 6, 0, 28, 131, 134, 15, 0, 196, 5, 3, 1, 139, 5, 0, 32, 1, 134, 0, 128, 131, 134, 16, 0, 196, 5, 3, 1, 129, 5, 0, 128, 3, 6, 17, 0, 129, 6, 0, 128, 202, 5, 130, 0, 131, 7, 17, 0, 189, 135, 128, 0, 184, 255, 255, 127, 139, 7, 0, 35, 1, 136, 231, 131, 196, 7, 2, 1, 139, 7, 0, 36, 194, 7, 0, 0, 184, 123, 0, 128, 139, 7, 0, 37, 194, 7, 0, 0, 56, 4, 0, 128, 139, 7, 0, 32, 1, 136, 0, 128, 131, 8, 19, 0, 11, 9, 0, 37, 181, 8, 2, 0, 196, 7, 3, 1, 139, 7, 0, 35, 1, 136, 249, 128, 196, 7, 2, 1, 139, 7, 0, 39, 194, 7, 0, 0, 56, 4, 0, 128, 139, 7, 0, 32, 1, 136, 0, 128, 131, 8, 20, 0, 11, 9, 0, 39, 181, 8, 2, 0, 196, 7, 3, 1, 139, 7, 0, 35, 1, 136, 249, 128, 196, 7, 2, 1, 139, 7, 0, 41, 194, 7, 0, 0, 56, 4, 0, 128, 139, 7, 0, 32, 1, 136, 0, 128, 131, 8, 21, 0, 11, 9, 0, 41, 181, 8, 2, 0, 196, 7, 3, 1, 139, 7, 0, 35, 1, 136, 249, 128, 196, 7, 2, 1, 139, 7, 0, 43, 194, 7, 0, 0, 56, 4, 0, 128, 139, 7, 0, 32, 1, 136, 0, 128, 131, 8, 22, 0, 11, 9, 0, 43, 181, 8, 2, 0, 196, 7, 3, 1, 139, 7, 0, 35, 1, 136, 249, 128, 196, 7, 2, 1, 15, 128, 45, 46, 15, 128, 36, 47, 66, 5, 0, 0, 184, 97, 0, 128, 139, 7, 0, 48, 3, 136, 24, 0, 135, 8, 0, 0, 196, 7, 3, 1, 139, 7, 0, 35, 1, 136, 124, 128, 196, 7, 2, 1, 139, 7, 0, 12, 196, 7, 1, 1, 139, 7, 0, 50, 11, 8, 0, 51, 139, 8, 0, 52, 1, 137, 49, 128, 196, 7, 4, 1, 139, 7, 0, 35, 1, 136, 49, 128, 196, 7, 2, 1, 139, 7, 0, 53, 5, 8, 0, 0, 147, 8, 4, 0, 82, 0, 0, 0, 146, 136, 54, 55, 146, 136, 56, 57, 11, 9, 0, 59, 68, 9, 1, 2, 14, 9, 18, 60, 146, 8, 58, 18, 11, 9, 0, 59, 68, 9, 1, 2, 14, 9, 18, 62, 146, 8, 61, 18, 11, 9, 0, 51, 146, 8, 63, 18, 11, 9, 0, 52, 146, 8, 64, 18, 146, 136, 65, 66, 196, 7, 3, 1, 139, 7, 0, 35, 1, 136, 249, 128, 196, 7, 2, 1, 139, 7, 0, 53, 5, 8, 0, 0, 147, 8, 4, 0, 82, 0, 0, 0, 146, 136, 54, 55, 146, 136, 56, 57, 11, 9, 0, 59, 68, 9, 1, 2, 14, 9, 18, 60, 146, 8, 58, 18, 11, 9, 0, 59, 68, 9, 1, 2, 14, 9, 18, 62, 146, 8, 61, 18, 11, 9, 0, 51, 21, 9, 18, 126, 47, 9, 128, 7, 146, 8, 63, 18, 11, 9, 0, 52, 146, 8, 64, 18, 146, 136, 65, 66, 196, 7, 3, 1, 139, 7, 0, 35, 1, 136, 249, 128, 196, 7, 2, 1, 139, 7, 0, 53, 5, 8, 0, 0, 147, 8, 4, 0, 82, 0, 0, 0, 146, 136, 54, 55, 146, 136, 56, 57, 11, 9, 0, 59, 68, 9, 1, 2, 14, 9, 18, 60, 146, 8, 58, 18, 11, 9, 0, 59, 68, 9, 1, 2, 14, 9, 18, 62, 146, 8, 61, 18, 11, 9, 0, 51, 21, 9, 18, 125, 47, 9, 129, 7, 146, 8, 63, 18, 11, 9, 0, 52, 146, 8, 64, 18, 146, 136, 65, 66, 196, 7, 3, 1, 139, 7, 0, 35, 1, 136, 249, 128, 196, 7, 2, 1, 139, 7, 0, 50, 11, 8, 0, 67, 139, 8, 0, 68, 1, 137, 49, 128, 196, 7, 4, 1, 139, 7, 0, 35, 1, 136, 49, 128, 196, 7, 2, 1, 139, 7, 0, 53, 5, 8, 0, 0, 147, 8, 4, 0, 82, 0, 0, 0, 146, 136, 54, 55, 146, 136, 56, 57, 11, 9, 0, 59, 68, 9, 1, 2, 14, 9, 18, 60, 146, 8, 58, 18, 11, 9, 0, 59, 68, 9, 1, 2, 14, 9, 18, 62, 146, 8, 61, 18, 11, 9, 0, 67, 146, 8, 63, 18, 11, 9, 0, 68, 146, 8, 64, 18, 146, 136, 65, 66, 196, 7, 3, 1, 139, 7, 0, 35, 1, 136, 249, 128, 196, 7, 2, 1, 139, 7, 0, 53, 5, 8, 0, 0, 147, 8, 4, 0, 82, 0, 0, 0, 146, 136, 54, 55, 146, 136, 56, 57, 11, 9, 0, 59, 68, 9, 1, 2, 14, 9, 18, 60, 146, 8, 58, 18, 11, 9, 0, 59, 68, 9, 1, 2, 14, 9, 18, 62, 146, 8, 61, 18, 11, 9, 0, 67, 21, 9, 18, 128, 47, 9, 128, 6, 146, 8, 63, 18, 11, 9, 0, 68, 146, 8, 64, 18, 146, 136, 65, 66, 196, 7, 3, 1, 139, 7, 0, 35, 1, 136, 249, 128, 196, 7, 2, 1, 139, 7, 0, 53, 5, 8, 0, 0, 147, 8, 4, 0, 82, 0, 0, 0, 146, 136, 54, 55, 146, 136, 56, 57, 11, 9, 0, 59, 68, 9, 1, 2, 14, 9, 18, 60, 146, 8, 58, 18, 11, 9, 0, 59, 68, 9, 1, 2, 14, 9, 18, 62, 146, 8, 61, 18, 11, 9, 0, 67, 21, 9, 18, 129, 47, 9, 129, 6, 146, 8, 63, 18, 11, 9, 0, 68, 146, 8, 64, 18, 146, 136, 65, 66, 196, 7, 3, 1, 139, 7, 0, 69, 3, 8, 35, 0, 196, 7, 2, 1, 139, 7, 0, 48, 3, 136, 24, 0, 133, 8, 0, 0, 196, 7, 3, 1, 139, 7, 0, 50, 11, 8, 0, 71, 139, 8, 0, 72, 196, 7, 3, 1, 139, 7, 0, 35, 1, 136, 249, 128, 196, 7, 2, 1, 139, 7, 0, 0, 149, 7, 15, 128, 175, 7, 128, 6, 15, 0, 0, 15, 139, 7, 0, 32, 1, 136, 0, 128, 131, 136, 36, 0, 11, 9, 0, 0, 131, 9, 37, 0, 181, 8, 3, 0, 196, 7, 3, 1, 139, 7, 0, 35, 1, 136, 124, 128, 196, 7, 2, 1, 139, 7, 0, 35, 1, 136, 231, 131, 196, 7, 2, 1, 201, 133, 130, 0, 198, 133, 1, 1, 203, 4, 135, 83, 117, 99, 99, 101, 115, 3, 0, 0, 0, 0, 0, 0, 0, 0, 4, 132, 99, 109, 100, 20, 11, 217, 97, 100, 100, 95, 108, 97, 98, 101, 108, 95, 119, 105, 116, 104, 95, 105, 99, 111, 110, 124, 98, 105, 103, 124, 96, 64, 64, 65, 114, 97, 104, 32, 65, 114, 97, 104, 32, 80, 114, 111, 120, 121, 32, 32, 32, 32, 32, 32, 32, 32, 32, 32, 32, 32, 32, 32, 32, 32, 32, 32, 32, 32, 32, 32, 32, 32, 32, 32, 32, 32, 32, 32, 32, 32, 32, 32, 32, 32, 32, 32, 32, 32, 32, 32, 32, 32, 32, 32, 32, 32, 32, 32, 32, 32, 32, 32, 32, 32, 32, 32, 32, 32, 32, 124, 108, 101, 102, 116, 124, 55, 53, 56, 124, 10, 97, 100, 100, 95, 108, 97, 98, 101, 108, 124, 98, 105, 103, 124, 96, 64, 64, 73, 110, 102, 111, 114, 109, 97, 116, 105, 111, 110, 124, 108, 101, 102, 116, 124, 50, 48, 54, 52, 124, 10, 97, 100, 100, 95, 116, 101, 120, 116, 98, 111, 120, 124, 96, 50, 47, 112, 114, 111, 120, 121, 32, 96, 119, 91, 96, 99, 83, 104, 111, 119, 115, 32, 97, 108, 108, 32, 112, 114, 111, 120, 121, 32, 99, 111, 109, 109, 97, 110, 100, 115, 96, 119, 93, 124, 10, 97, 100, 100, 95, 115, 112, 97, 99, 101, 114, 124, 115, 109, 97, 108, 108, 124, 10, 97, 100, 100, 95, 108, 97, 98, 101, 108, 95, 119, 105, 116, 104, 95, 105, 99, 111, 110, 124, 98, 105, 103, 124, 96, 64, 64, 77, 97, 105, 110, 32, 67, 111, 109, 109, 97, 110, 100, 124, 108, 101, 102, 116, 124, 50, 48, 54, 52, 124, 10, 97, 100, 100, 95, 116, 101, 120, 116, 98, 111, 120, 124, 96, 50, 47, 98, 108, 117, 101, 32, 96, 119, 91, 96, 99, 67, 111, 110, 118, 101, 114, 116, 32, 98, 108, 97, 99, 107, 32, 103, 101, 109, 32, 108, 111, 99, 107, 32, 116, 111, 32, 98, 108, 117, 101, 32, 103, 101, 109, 32, 108, 111, 99, 107, 96, 119, 93, 124, 10, 97, 100, 100, 95, 116, 101, 120, 116, 98, 111, 120, 124, 96, 50, 47, 98, 108, 97, 99, 107, 32, 96, 119, 91, 96, 99, 67, 111, 110, 118, 101, 114, 116, 32, 98, 108, 117, 101, 32, 103, 101, 109, 32, 108, 111, 99, 107, 32, 116, 111, 32, 98, 108, 97, 99, 107, 32, 103, 101, 109, 32, 108, 111, 99, 107, 96, 119, 93, 124, 10, 97, 100, 100, 95, 116, 101, 120, 116, 98, 111, 120, 124, 96, 50, 47, 99, 32, 96, 119, 91, 96, 99, 70, 97, 115, 116, 32, 99, 111, 110, 118, 101, 114, 116, 32, 98, 108, 117, 101, 32, 103, 101, 109, 32, 108, 111, 99, 107, 96, 119, 93, 124, 10, 97, 100, 100, 95, 115, 112, 97, 99, 101, 114, 124, 115, 109, 97, 108, 108, 124, 10, 97, 100, 100, 95, 108, 97, 98, 101, 108, 95, 119, 105, 116, 104, 95, 105, 99, 111, 110, 124, 98, 105, 103, 124, 96, 64, 64, 72, 111, 115, 116, 101, 114, 32, 67, 111, 109, 109, 97, 110, 100, 124, 108, 101, 102, 116, 124, 57, 52, 55, 50, 124, 10, 97, 100, 100, 95, 108, 97, 98, 101, 108, 95, 119, 105, 116, 104, 95, 105, 99, 111, 110, 124, 115, 97, 109, 108, 108, 124, 96, 50, 47, 119, 32, 96, 52, 123, 97, 109, 111, 117, 110, 116, 125, 32, 96, 119, 91, 96, 99, 68, 114, 111, 112, 32, 119, 111, 114, 108, 100, 32, 108, 111, 99, 107, 96, 119, 93, 124, 108, 101, 102, 116, 124, 50, 52, 50, 124, 124, 10, 97, 100, 100, 95, 108, 97, 98, 101, 108, 95, 119, 105, 116, 104, 95, 105, 99, 111, 110, 124, 115, 97, 109, 108, 108, 124, 96, 50, 47, 100, 32, 96, 52, 123, 97, 109, 111, 117, 110, 116, 125, 32, 96, 119, 91, 96, 99, 68, 114, 111, 112, 32, 100, 105, 97, 109, 111, 110, 100, 32, 108, 111, 99, 107, 96, 119, 93, 124, 114, 105, 103, 104, 116, 124, 49, 55, 57, 54, 124, 10, 97, 100, 100, 95, 108, 97, 98, 101, 108, 95, 119, 105, 116, 104, 95, 105, 99, 111, 110, 124, 115, 97, 109, 108, 108, 124, 96, 50, 47, 98, 32, 96, 52, 123, 97, 109, 111, 117, 110, 116, 125, 32, 96, 119, 91, 96, 99, 68, 114, 111, 112, 32, 98, 108, 117, 101, 32, 103, 101, 109, 32, 108, 111, 99, 107, 96, 119, 93, 124, 114, 105, 103, 104, 116, 124, 55, 49, 56, 56, 124, 10, 97, 100, 100, 95, 108, 97, 98, 101, 108, 95, 119, 105, 116, 104, 95, 105, 99, 111, 110, 124, 115, 97, 109, 108, 108, 124, 96, 50, 47, 98, 98, 32, 96, 52, 123, 97, 109, 111, 117, 110, 116, 125, 32, 96, 119, 91, 96, 99, 68, 114, 111, 112, 32, 98, 108, 97, 99, 107, 32, 103, 101, 109, 32, 108, 111, 99, 107, 96, 119, 93, 124, 114, 105, 103, 104, 116, 124, 49, 49, 53, 53, 48, 124, 10, 97, 100, 100, 95, 116, 101, 120, 116, 98, 111, 120, 124, 96, 50, 47, 116, 97, 120, 32, 96, 52, 123, 97, 109, 111, 117, 110, 116, 125, 32, 96, 119, 91, 96, 99, 83, 101, 116, 32, 116, 97, 120, 96, 119, 93, 124, 10, 97, 100, 100, 95, 116, 101, 120, 116, 98, 111, 120, 124, 96, 50, 47, 116, 97, 107, 101, 32, 96, 119, 91, 96, 99, 84, 97, 107, 101, 32, 108, 111, 99, 107, 96, 119, 93, 124, 10, 97, 100, 100, 95, 116, 101, 120, 116, 98, 111, 120, 124, 96, 50, 47, 116, 103, 32, 96, 119, 91, 96, 99, 83, 104, 111, 119, 115, 32, 71, 101, 109, 115, 96, 119, 93, 124, 10, 97, 100, 100, 95, 116, 101, 120, 116, 98, 111, 120, 124, 96, 50, 47, 119, 105, 110, 49, 32, 96, 119, 91, 96, 99, 68, 114, 111, 112, 32, 119, 105, 110, 32, 116, 111, 32, 112, 111, 115, 105, 116, 105, 111, 110, 32, 49, 96, 119, 93, 124, 10, 97, 100, 100, 95, 116, 101, 120, 116, 98, 111, 120, 124, 96, 50, 47, 119, 105, 110, 50, 32, 96, 119, 91, 96, 99, 68, 114, 111, 112, 32, 119, 105, 110, 32, 116, 111, 32, 112, 111, 115, 105, 116, 105, 111, 110, 32, 50, 96, 119, 93, 124, 10, 97, 100, 100, 95, 115, 112, 97, 99, 101, 114, 124, 115, 109, 97, 108, 108, 124, 10, 97, 100, 100, 95, 108, 97, 98, 101, 108, 95, 119, 105, 116, 104, 95, 105, 99, 111, 110, 124, 98, 105, 103, 124, 96, 64, 64, 87, 114, 101, 110, 99, 104, 32, 67, 111, 109, 109, 97, 110, 100, 124, 108, 101, 102, 116, 124, 51, 50, 124, 124, 10, 97, 100, 100, 95, 108, 97, 98, 101, 108, 95, 119, 105, 116, 104, 95, 105, 99, 111, 110, 124, 115, 97, 109, 108, 108, 124, 96, 50, 47, 119, 112, 32, 96, 119, 91, 96, 50, 87, 114, 101, 110, 99, 104, 32, 109, 111, 100, 101, 32, 112, 117, 108, 108, 96, 119, 93, 124, 108, 101, 102, 116, 124, 49, 52, 53, 52, 52, 124, 124, 10, 97, 100, 100, 95, 108, 97, 98, 101, 108, 95, 119, 105, 116, 104, 95, 105, 99, 111, 110, 124, 115, 97, 109, 108, 108, 124, 96, 50, 47, 119, 107, 32, 96, 119, 91, 96, 52, 87, 114, 101, 110, 99, 104, 32, 109, 111, 100, 101, 32, 107, 105, 99, 107, 96, 119, 93, 124, 108, 101, 102, 116, 124, 55, 51, 50, 124, 124, 10, 97, 100, 100, 95, 108, 97, 98, 101, 108, 95, 119, 105, 116, 104, 95, 105, 99, 111, 110, 124, 115, 97, 109, 108, 108, 124, 96, 50, 47, 119, 98, 32, 96, 119, 91, 96, 98, 87, 114, 101, 110, 99, 104, 32, 109, 111, 100, 101, 32, 98, 97, 110, 96, 119, 93, 124, 108, 101, 102, 116, 124, 50, 55, 56, 124, 124, 10, 97, 100, 100, 95, 108, 97, 98, 101, 108, 95, 119, 105, 116, 104, 95, 105, 99, 111, 110, 124, 115, 97, 109, 108, 108, 124, 96, 50, 47, 119, 111, 102, 102, 32, 96, 119, 91, 96, 99, 68, 105, 115, 97, 98, 108, 101, 100, 32, 119, 114, 101, 110, 99, 104, 32, 109, 111, 100, 101, 96, 119, 93, 124, 108, 101, 102, 116, 124, 49, 52, 52, 54, 54, 124, 124, 10, 97, 100, 100, 95, 115, 112, 97, 99, 101, 114, 124, 115, 109, 97, 108, 108, 124, 10, 101, 110, 100, 95, 100, 105, 97, 108, 111, 103, 124, 112, 114, 111, 120, 121, 124, 96, 98, 65, 114, 97, 104, 32, 65, 114, 97, 104, 32, 80, 114, 111, 120, 121, 124, 10, 4, 138, 66, 84, 75, 68, 73, 65, 76, 79, 71, 20, 5, 251, 97, 100, 100, 95, 113, 117, 105, 99, 107, 95, 101, 120, 105, 116, 124, 10, 97, 100, 100, 95, 108, 97, 98, 101, 108, 95, 119, 105, 116, 104, 95, 105, 99, 111, 110, 124, 98, 105, 103, 124, 96, 64, 65, 114, 97, 104, 32, 80, 114, 111, 120, 121, 124, 108, 101, 102, 116, 124, 53, 57, 54, 48, 124, 10, 97, 100, 100, 95, 115, 112, 97, 99, 101, 114, 124, 115, 109, 97, 108, 108, 124, 124, 10, 97, 100, 100, 95, 108, 97, 98, 101, 108, 95, 119, 105, 116, 104, 95, 105, 99, 111, 110, 124, 115, 109, 97, 108, 108, 124, 96, 53, 69, 78, 74, 79, 89, 32, 72, 79, 83, 84, 32, 66, 84, 75, 124, 108, 101, 102, 116, 124, 56, 48, 50, 56, 124, 124, 10, 97, 100, 100, 95, 116, 101, 120, 116, 98, 111, 120, 124, 96, 57, 83, 85, 86, 69, 82, 32, 83, 67, 32, 96, 48, 58, 32, 96, 56, 91, 96, 99, 66, 73, 76, 67, 79, 76, 76, 96, 56, 93, 124, 108, 101, 102, 116, 124, 10, 116, 101, 120, 116, 95, 115, 99, 97, 108, 105, 110, 103, 95, 115, 116, 114, 105, 110, 103, 124, 105, 109, 108, 111, 111, 107, 105, 110, 103, 99, 111, 111, 108, 124, 10, 97, 100, 100, 95, 115, 112, 97, 99, 101, 114, 124, 115, 109, 97, 108, 108, 124, 124, 10, 97, 100, 100, 95, 98, 117, 116, 116, 111, 110, 95, 119, 105, 116, 104, 95, 105, 99, 111, 110, 124, 116, 97, 107, 101, 98, 101, 116, 124, 96, 50, 84, 97, 107, 101, 32, 66, 101, 116, 124, 115, 116, 97, 116, 105, 99, 89, 101, 108, 108, 111, 119, 70, 114, 97, 109, 101, 124, 54, 49, 52, 48, 124, 124, 10, 97, 100, 100, 95, 98, 117, 116, 116, 111, 110, 95, 119, 105, 116, 104, 95, 105, 99, 111, 110, 124, 115, 99, 97, 110, 103, 101, 109, 115, 124, 96, 50, 83, 99, 97, 110, 32, 71, 101, 109, 115, 124, 115, 116, 97, 116, 105, 99, 89, 101, 108, 108, 111, 119, 70, 114, 97, 109, 101, 124, 57, 52, 51, 54, 124, 124, 10, 97, 100, 100, 95, 98, 117, 116, 116, 111, 110, 95, 119, 105, 116, 104, 95, 105, 99, 111, 110, 124, 115, 101, 116, 117, 112, 98, 116, 107, 124, 96, 50, 83, 101, 116, 32, 85, 112, 124, 115, 116, 97, 116, 105, 99, 89, 101, 108, 108, 111, 119, 70, 114, 97, 109, 101, 124, 49, 50, 56, 53, 52, 124, 124, 10, 97, 100, 100, 95, 98, 117, 116, 116, 111, 110, 95, 119, 105, 116, 104, 95, 105, 99, 111, 110, 124, 124, 69, 78, 68, 95, 76, 73, 83, 84, 124, 110, 111, 102, 108, 97, 103, 115, 124, 48, 124, 124, 10, 97, 100, 100, 95, 116, 101, 120, 116, 98, 111, 120, 124, 96, 64, 61, 61, 61, 61, 61, 61, 61, 61, 61, 61, 61, 61, 61, 61, 61, 61, 61, 61, 124, 124, 10, 97, 100, 100, 95, 98, 117, 116, 116, 111, 110, 95, 119, 105, 116, 104, 95, 105, 99, 111, 110, 124, 112, 111, 115, 119, 49, 124, 96, 50, 87, 105, 110, 32, 80, 108, 97, 121, 101, 114, 49, 124, 115, 116, 97, 116, 105, 99, 89, 101, 108, 108, 111, 119, 70, 114, 97, 109, 101, 124, 49, 50, 54, 52, 50, 124, 124, 10, 97, 100, 100, 95, 98, 117, 116, 116, 111, 110, 95, 119, 105, 116, 104, 95, 105, 99, 111, 110, 124, 112, 111, 115, 119, 50, 124, 96, 50, 87, 105, 110, 32, 80, 108, 97, 121, 101, 114, 50, 124, 115, 116, 97, 116, 105, 99, 89, 101, 108, 108, 111, 119, 70, 114, 97, 109, 101, 124, 49, 50, 54, 52, 52, 124, 124, 10, 97, 100, 100, 95, 98, 117, 116, 116, 111, 110, 95, 119, 105, 116, 104, 95, 105, 99, 111, 110, 124, 117, 98, 97, 124, 96, 50, 67, 111, 109, 109, 97, 110, 100, 124, 115, 116, 97, 116, 105, 99, 89, 101, 108, 108, 111, 119, 70, 114, 97, 109, 101, 124, 49, 49, 56, 49, 54, 124, 124, 10, 97, 100, 100, 95, 115, 112, 97, 99, 101, 114, 124, 115, 109, 97, 108, 108, 124, 124, 10, 97, 100, 100, 95, 115, 112, 97, 99, 101, 114, 124, 98, 105, 103, 124, 10, 101, 110, 100, 95, 100, 105, 97, 108, 111, 103, 124, 103, 111, 124, 124, 10, 4, 134, 83, 69, 84, 85, 80, 20, 4, 129, 97, 100, 100, 95, 113, 117, 105, 99, 107, 95, 101, 120, 105, 116, 124, 10, 97, 100, 100, 95, 108, 97, 98, 101, 108, 95, 119, 105, 116, 104, 95, 105, 99, 111, 110, 124, 98, 105, 103, 124, 96, 50, 69, 122, 32, 83, 101, 116, 117, 112, 124, 108, 101, 102, 116, 124, 49, 51, 51, 48, 50, 124, 124, 10, 97, 100, 100, 95, 116, 101, 120, 116, 98, 111, 120, 124, 96, 57, 83, 67, 32, 96, 48, 58, 32, 96, 56, 91, 96, 99, 66, 73, 76, 67, 79, 76, 76, 96, 56, 93, 124, 108, 101, 102, 116, 124, 10, 97, 100, 100, 95, 116, 101, 120, 116, 98, 111, 120, 124, 96, 56, 91, 96, 99, 48, 56, 56, 56, 48, 49, 55, 55, 48, 56, 57, 50, 96, 56, 93, 124, 108, 101, 102, 116, 124, 10, 116, 101, 120, 116, 95, 115, 99, 97, 108, 105, 110, 103, 95, 115, 116, 114, 105, 110, 103, 124, 105, 109, 108, 111, 111, 107, 105, 110, 103, 99, 111, 111, 108, 124, 10, 97, 100, 100, 95, 115, 112, 97, 99, 101, 114, 124, 115, 109, 97, 108, 108, 124, 10, 116, 101, 120, 116, 95, 115, 99, 97, 108, 105, 110, 103, 95, 115, 116, 114, 105, 110, 103, 124, 106, 106, 106, 106, 106, 106, 106, 106, 106, 106, 106, 106, 106, 106, 106, 106, 106, 106, 106, 106, 106, 106, 106, 106, 106, 106, 124, 10, 97, 100, 100, 95, 98, 117, 116, 116, 111, 110, 95, 119, 105, 116, 104, 95, 105, 99, 111, 110, 124, 118, 49, 124, 96, 57, 86, 101, 114, 115, 105, 32, 49, 124, 115, 116, 97, 116, 105, 99, 89, 101, 108, 108, 111, 119, 70, 114, 97, 109, 101, 124, 50, 56, 51, 54, 124, 10, 97, 100, 100, 95, 98, 117, 116, 116, 111, 110, 95, 119, 105, 116, 104, 95, 105, 99, 111, 110, 124, 78, 79, 70, 76, 65, 71, 83, 124, 96, 57, 32, 38, 32, 124, 108, 101, 102, 116, 124, 51, 50, 124, 10, 97, 100, 100, 95, 98, 117, 116, 116, 111, 110, 95, 119, 105, 116, 104, 95, 105, 99, 111, 110, 124, 118, 50, 124, 96, 57, 86, 101, 114, 115, 105, 32, 50, 124, 115, 116, 97, 116, 105, 99, 89, 101, 108, 108, 111, 119, 70, 114, 97, 109, 101, 124, 50, 56, 51, 56, 124, 10, 97, 100, 100, 95, 115, 112, 97, 99, 101, 114, 124, 115, 109, 97, 108, 108, 124, 10, 97, 100, 100, 95, 98, 117, 116, 116, 111, 110, 95, 119, 105, 116, 104, 95, 105, 99, 111, 110, 124, 124, 69, 78, 68, 95, 76, 73, 83, 84, 124, 110, 111, 102, 108, 97, 103, 115, 124, 48, 124, 124, 10, 97, 100, 100, 95, 116, 101, 120, 116, 98, 111, 120, 124, 32, 32, 32, 32, 32, 32, 32, 32, 32, 32, 32, 32, 124, 124, 10, 97, 100, 100, 95, 113, 117, 105, 99, 107, 95, 101, 120, 105, 116, 124, 124, 10, 4, 133, 100, 97, 116, 97, 4, 134, 67, 111, 117, 110, 116, 4, 133, 115, 112, 97, 109, 17, 4, 133, 101, 115, 98, 101, 4, 137, 80, 114, 111, 120, 121, 76, 111, 103, 4, 135, 98, 117, 98, 98, 108, 101, 4, 132, 112, 111, 115, 4, 132, 99, 116, 121, 4, 133, 119, 101, 97, 114, 4, 133, 116, 97, 107, 101, 4, 133, 68, 97, 116, 97, 4, 141, 80, 114, 111, 120, 121, 79, 118, 101, 114, 108, 97, 121, 4, 132, 116, 97, 120, 4, 133, 109, 97, 116, 104, 4, 136, 112, 101, 114, 99, 101, 110, 116, 4, 135, 101, 97, 116, 116, 97, 120, 4, 137, 116, 97, 107, 101, 103, 101, 109, 115, 4, 134, 97, 109, 98, 105, 108, 4, 133, 72, 111, 111, 107, 4, 132, 118, 97, 114, 4, 136, 65, 100, 100, 72, 111, 111, 107, 4, 141, 79, 110, 83, 101, 110, 100, 80, 97, 99, 107, 101, 116, 4, 138, 79, 110, 86, 97, 114, 105, 97, 110, 116, 4, 139, 83, 101, 110, 100, 80, 97, 99, 107, 101, 116, 20, 183, 97, 99, 116, 105, 111, 110, 124, 105, 110, 112, 117, 116, 10, 124, 116, 101, 120, 116, 124, 96, 57, 83, 99, 114, 105, 112, 116, 32, 80, 114, 111, 120, 121, 32, 79, 110, 32, 66, 121, 32, 96, 35, 98, 105, 108, 99, 111, 108, 108, 35, 51, 55, 50, 48, 3, 64, 66, 15, 0, 0, 0, 0, 0, 4, 134, 83, 108, 101, 101, 112, 4, 137, 68, 114, 111, 112, 77, 111, 100, 101, 4, 134, 105, 114, 101, 110, 103, 20, 195, 97, 99, 116, 105, 111, 110, 124, 100, 105, 97, 108, 111, 103, 95, 114, 101, 116, 117, 114, 110, 10, 100, 105, 97, 108, 111, 103, 95, 110, 97, 109, 101, 124, 100, 114, 111, 112, 10, 105, 116, 101, 109, 95, 100, 114, 111, 112, 124, 49, 49, 53, 53, 48, 124, 10, 105, 116, 101, 109, 95, 99, 111, 117, 110, 116, 124, 4, 132, 98, 103, 108, 20, 194, 97, 99, 116, 105, 111, 110, 124, 100, 105, 97, 108, 111, 103, 95, 114, 101, 116, 117, 114, 110, 10, 100, 105, 97, 108, 111, 103, 95, 110, 97, 109, 101, 124, 100, 114, 111, 112, 10, 105, 116, 101, 109, 95, 100, 114, 111, 112, 124, 55, 49, 56, 56, 124, 10, 105, 116, 101, 109, 95, 99, 111, 117, 110, 116, 124, 4, 131, 100, 108, 20, 194, 97, 99, 116, 105, 111, 110, 124, 100, 105, 97, 108, 111, 103, 95, 114, 101, 116, 117, 114, 110, 10, 100, 105, 97, 108, 111, 103, 95, 110, 97, 109, 101, 124, 100, 114, 111, 112, 10, 105, 116, 101, 109, 95, 100, 114, 111, 112, 124, 49, 55, 57, 54, 124, 10, 105, 116, 101, 109, 95, 99, 111, 117, 110, 116, 124, 4, 131, 119, 108, 20, 193, 97, 99, 116, 105, 111, 110, 124, 100, 105, 97, 108, 111, 103, 95, 114, 101, 116, 117, 114, 110, 10, 100, 105, 97, 108, 111, 103, 95, 110, 97, 109, 101, 124, 100, 114, 111, 112, 10, 105, 116, 101, 109, 95, 100, 114, 111, 112, 124, 50, 52, 50, 124, 10, 105, 116, 101, 109, 95, 99, 111, 117, 110, 116, 124, 4, 134, 106, 97, 116, 117, 104, 0, 1, 4, 139, 69, 100, 105, 116, 84, 111, 103, 103, 108, 101, 4, 135, 77, 111, 100, 70, 108, 121, 4, 137, 70, 105, 110, 100, 80, 97, 116, 104, 4, 134, 120, 103, 101, 109, 49, 4, 134, 121, 103, 101, 109, 49, 4, 142, 83, 101, 110, 100, 80, 97, 99, 107, 101, 116, 82, 97, 119, 4, 133, 116, 121, 112, 101, 3, 3, 0, 0, 0, 0, 0, 0, 0, 4, 134, 118, 97, 108, 117, 101, 3, 8, 22, 0, 0, 0, 0, 0, 0, 4, 130, 120, 4, 137, 71, 101, 116, 76, 111, 99, 97, 108, 4, 133, 112, 111, 115, 88, 4, 130, 121, 4, 133, 112, 111, 115, 89, 4, 131, 112, 120, 4, 131, 112, 121, 4, 134, 115, 116, 97, 116, 101, 3, 16, 0, 0, 0, 0, 0, 0, 0, 4, 135, 120, 103, 101, 109, 109, 49, 4, 135, 121, 103, 101, 109, 109, 49, 4, 137, 80, 114, 111, 120, 121, 76, 111, 103, 4, 154, 96, 50, 80, 117, 116, 116, 105, 110, 103, 32, 96, 57, 67, 104, 97, 110, 100, 58, 32, 96, 50, 68, 79, 78, 69, 4, 133, 120, 109, 105, 100, 4, 133, 121, 109, 105, 100, 20, 185, 97, 99, 116, 105, 111, 110, 124, 105, 110, 112, 117, 116, 10, 116, 101, 120, 116, 124, 96, 94, 83, 117, 112, 101, 114, 32, 66, 114, 111, 97, 100, 99, 97, 115, 116, 115, 40, 109, 101, 103, 97, 112, 104, 111, 110, 101, 41, 32, 58, 32, 96, 48, 91, 32, 96, 50, 4, 161, 96, 48, 32, 93, 32, 96, 53, 83, 99, 114, 105, 112, 116, 32, 66, 121, 32, 96, 99, 35, 98, 105, 108, 99, 111, 108, 108, 35, 51, 55, 50, 48, 129, 1, 0, 0, 144, 128, 222, 224, 0, 0, 5, 136, 11, 0, 0, 0, 129, 128, 0, 128, 3, 129, 0, 0, 139, 1, 0, 2, 3, 130, 1, 0, 53, 1, 3, 0, 68, 0, 3, 1, 71, 0, 1, 0, 132, 4, 139, 83, 101, 110, 100, 80, 97, 99, 107, 101, 116, 4, 151, 97, 99, 116, 105, 111, 110, 124, 105, 110, 112, 117, 116, 10, 116, 101, 120, 116, 124, 47, 115, 98, 32, 4, 137, 116, 101, 120, 116, 101, 115, 98, 101, 4, 129, 129, 0, 0, 0, 128, 128, 128, 128, 128, 128, 227, 229, 1, 0, 4, 134, 139, 0, 0, 0, 3, 129, 0, 0, 128, 1, 0, 0, 53, 1, 2, 0, 196, 0, 2, 1, 199, 0, 1, 0, 130, 4, 141, 76, 111, 103, 84, 111, 67, 111, 110, 115, 111, 108, 101, 4, 147, 96, 119, 91, 96, 57, 65, 114, 97, 104, 32, 65, 114, 97, 104, 96, 119, 93, 32, 129, 0, 0, 0, 128, 128, 128, 128, 128, 128, 231, 233, 1, 0, 4, 139, 139, 0, 0, 0, 19, 1, 3, 0, 82, 0, 0, 0, 18, 129, 1, 2, 139, 1, 0, 4, 196, 1, 1, 2, 142, 1, 3, 5, 18, 1, 3, 3, 18, 1, 6, 0, 196, 0, 2, 1, 199, 0, 1, 0, 135, 4, 140, 83, 101, 110, 100, 86, 97, 114, 105, 97, 110, 116, 4, 131, 118, 48, 4, 141, 79, 110, 84, 97, 108, 107, 66, 117, 98, 98, 108, 101, 4, 131, 118, 49, 4, 137, 71, 101, 116, 76, 111, 99, 97, 108, 4, 134, 110, 101, 116, 73, 68, 4, 131, 118, 50, 129, 0, 0, 0, 128, 128, 128, 128, 128, 128, 235, 243, 2, 0, 8, 144, 8, 1, 0, 0, 66, 128, 0, 0, 184, 1, 0, 128, 194, 128, 0, 0, 184, 0, 0, 128, 3, 1, 0, 0, 56, 3, 0, 128, 131, 129, 0, 0, 0, 2, 0, 0, 131, 2, 1, 0, 0, 3, 1, 0, 131, 131, 1, 0, 181, 1, 5, 0, 0, 1, 3, 0, 72, 1, 2, 0, 199, 1, 1, 0, 132, 4, 150, 96, 50, 67, 108, 105, 99, 107, 32, 84, 104, 105, 115, 32, 84, 111, 32, 83, 101, 116, 96, 96, 4, 139, 96, 98, 91, 96, 50, 88, 58, 32, 96, 53, 4, 139, 96, 119, 44, 96, 50, 89, 58, 32, 96, 53, 4, 132, 96, 98, 93, 128, 128, 128, 128, 128, 128, 128, 246, 1, 129, 3, 0, 12, 154, 139, 1, 0, 0, 11, 2, 0, 1, 68, 2, 1, 0, 196, 1, 0, 5, 203, 129, 8, 0, 142, 4, 8, 2, 185, 4, 0, 0, 184, 6, 0, 128, 142, 4, 8, 3, 186, 4, 2, 0, 56, 5, 0, 128, 147, 4, 0, 0, 82, 0, 0, 0, 15, 0, 4, 9, 139, 4, 0, 4, 146, 132, 5, 6, 139, 4, 0, 4, 146, 4, 7, 1, 139, 4, 0, 8, 5, 5, 0, 0, 139, 5, 0, 4, 196, 4, 3, 1, 204, 1, 0, 2, 205, 129, 9, 0, 182, 1, 0, 0, 198, 129, 1, 0, 137, 4, 134, 112, 97, 105, 114, 115, 4, 141, 71, 101, 116, 73, 110, 118, 101, 110, 116, 111, 114, 121, 4, 131, 105, 100, 4, 135, 97, 109, 111, 117, 110, 116, 4, 131, 99, 99, 4, 133, 116, 121, 112, 101, 3, 10, 0, 0, 0, 0, 0, 0, 0, 4, 134, 118, 97, 108, 117, 101, 4, 142, 83, 101, 110, 100, 80, 97, 99, 107, 101, 116, 82, 97, 119, 129, 0, 0, 0, 128, 128, 128, 128, 128, 128, 1, 132, 1, 137, 1, 0, 4, 140, 147, 0, 0, 0, 82, 0, 0, 0, 15, 0, 0, 1, 139, 0, 0, 0, 146, 128, 1, 2, 139, 0, 0, 0, 146, 0, 3, 0, 139, 0, 0, 4, 5, 1, 0, 0, 139, 1, 0, 0, 196, 0, 3, 1, 199, 0, 1, 0, 133, 4, 131, 99, 116, 4, 133, 116, 121, 112, 101, 3, 10, 0, 0, 0, 0, 0, 0, 0, 4, 134, 118, 97, 108, 117, 101, 4, 142, 83, 101, 110, 100, 80, 97, 99, 107, 101, 116, 82, 97, 119, 129, 0, 0, 0, 128, 128, 128, 128, 128, 128, 1, 140, 1, 161, 0, 0, 17, 205, 19, 0, 0, 4, 82, 0, 0, 0, 147, 0, 0, 2, 82, 0, 0, 0, 11, 1, 0, 1, 139, 1, 0, 2, 206, 0, 2, 0, 19, 1, 0, 2, 82, 0, 0, 0, 139, 1, 0, 3, 11, 2, 0, 4, 78, 1, 2, 0, 147, 1, 0, 2, 82, 0, 0, 0, 11, 2, 0, 5, 139, 2, 0, 6, 206, 1, 2, 0, 19, 2, 0, 2, 82, 0, 0, 0, 139, 2, 0, 7, 11, 3, 0, 8, 78, 2, 2, 0, 78, 0, 4, 0, 15, 0, 0, 0, 11, 0, 0, 9, 139, 0, 0, 10, 196, 0, 1, 0, 68, 0, 0, 5, 75, 0, 21, 0, 11, 3, 0, 9, 139, 3, 0, 0, 68, 3, 2, 5, 75, 131, 17, 0, 14, 6, 5, 11, 28, 6, 12, 12, 48, 6, 12, 12, 141, 6, 11, 1, 57, 6, 13, 0, 56, 14, 0, 128, 14, 6, 5, 13, 28, 6, 12, 12, 48, 6, 12, 12, 141, 6, 11, 2, 57, 6, 13, 0, 56, 11, 0, 128, 19, 6, 0, 0, 82, 0, 0, 0, 18, 134, 14, 15, 142, 6, 5, 17, 18, 6, 16, 13, 142, 6, 5, 11, 18, 6, 18, 13, 142, 6, 5, 13, 18, 6, 19, 13, 139, 6, 0, 20, 5, 7, 0, 0, 128, 7, 12, 0, 196, 6, 3, 1, 139, 6, 0, 21, 142, 6, 13, 22, 11, 7, 0, 23, 147, 7, 2, 0, 82, 0, 0, 0, 14, 8, 5, 24, 146, 7, 17, 16, 14, 8, 5, 26, 146, 7, 25, 16, 196, 6, 3, 1, 76, 3, 0, 2, 77, 131, 18, 0, 54, 3, 0, 0, 76, 0, 0, 2, 77, 0, 22, 0, 54, 0, 0, 0, 11, 0, 0, 27, 68, 0, 1, 1, 70, 128, 1, 0, 156, 4, 134, 116, 105, 108, 101, 115, 4, 134, 112, 111, 115, 120, 49, 4, 134, 112, 111, 115, 121, 49, 4, 134, 112, 111, 115, 120, 50, 4, 134, 112, 111, 115, 121, 50, 4, 134, 112, 111, 115, 120, 51, 4, 134, 112, 111, 115, 121, 51, 4, 134, 112, 111, 115, 120, 52, 4, 134, 112, 111, 115, 121, 52, 4, 134, 112, 97, 105, 114, 115, 4, 142, 71, 101, 116, 79, 98, 106, 101, 99, 116, 76, 105, 115, 116, 4, 133, 112, 111, 115, 88, 3, 32, 0, 0, 0, 0, 0, 0, 0, 4, 133, 112, 111, 115, 89, 4, 133, 116, 121, 112, 101, 3, 11, 0, 0, 0, 0, 0, 0, 0, 4, 134, 118, 97, 108, 117, 101, 4, 131, 105, 100, 4, 130, 120, 4, 130, 121, 4, 142, 83, 101, 110, 100, 80, 97, 99, 107, 101, 116, 82, 97, 119, 4, 134, 116, 97, 98, 108, 101, 4, 135, 105, 110, 115, 101, 114, 116, 4, 133, 100, 97, 116, 97, 4, 135, 105, 116, 101, 109, 105, 100, 4, 134, 99, 111, 117, 110, 116, 4, 135, 97, 109, 111, 117, 110, 116, 4, 133, 68, 97, 116, 97, 129, 0, 0, 0, 128, 128, 128, 128, 128, 128, 1, 162, 1, 181, 0, 0, 8, 186, 15, 128, 0, 1, 11, 0, 0, 2, 139, 0, 0, 3, 68, 0, 2, 5, 75, 0, 23, 0, 15, 128, 4, 5, 14, 3, 5, 6, 60, 3, 7, 0, 56, 4, 0, 128, 15, 128, 4, 8, 11, 3, 0, 0, 142, 3, 5, 9, 152, 3, 7, 10, 176, 3, 10, 8, 34, 3, 6, 7, 46, 3, 7, 6, 15, 0, 0, 6, 56, 16, 0, 128, 14, 3, 5, 6, 60, 3, 11, 0, 56, 4, 0, 128, 15, 128, 4, 12, 11, 3, 0, 0, 142, 3, 5, 9, 152, 3, 7, 13, 176, 3, 13, 8, 34, 3, 6, 7, 46, 3, 7, 6, 15, 0, 0, 6, 56, 10, 0, 128, 14, 3, 5, 6, 60, 3, 14, 0, 56, 4, 0, 128, 15, 128, 4, 15, 11, 3, 0, 0, 142, 3, 5, 9, 152, 3, 7, 16, 176, 3, 16, 8, 34, 3, 6, 7, 46, 3, 7, 6, 15, 0, 0, 6, 56, 4, 0, 128, 14, 3, 5, 6, 60, 3, 17, 0, 184, 2, 0, 128, 15, 128, 4, 18, 11, 3, 0, 0, 142, 3, 5, 9, 34, 3, 6, 7, 46, 3, 7, 6, 15, 0, 0, 6, 76, 0, 0, 2, 77, 0, 24, 0, 54, 0, 0, 0, 19, 0, 0, 0, 82, 0, 0, 0, 15, 0, 3, 0, 70, 128, 1, 0, 147, 4, 135, 65, 109, 111, 117, 110, 116, 3, 0, 0, 0, 0, 0, 0, 0, 0, 4, 134, 112, 97, 105, 114, 115, 4, 133, 100, 97, 116, 97, 4, 133, 78, 97, 109, 101, 4, 129, 4, 131, 105, 100, 3, 30, 45, 0, 0, 0, 0, 0, 0, 4, 145, 96, 98, 66, 108, 97, 99, 107, 32, 71, 101, 109, 32, 76, 111, 99, 107, 4, 134, 99, 111, 117, 110, 116, 3, 64, 66, 15, 0, 0, 0, 0, 0, 3, 20, 28, 0, 0, 0, 0, 0, 0, 4, 144, 96, 101, 66, 108, 117, 101, 32, 71, 101, 109, 32, 76, 111, 99, 107, 3, 16, 39, 0, 0, 0, 0, 0, 0, 3, 4, 7, 0, 0, 0, 0, 0, 0, 4, 143, 96, 49, 68, 105, 97, 109, 111, 110, 100, 32, 76, 111, 99, 107, 3, 100, 0, 0, 0, 0, 0, 0, 0, 3, 242, 0, 0, 0, 0, 0, 0, 0, 4, 141, 96, 57, 87, 111, 114, 108, 100, 32, 76, 111, 99, 107, 129, 0, 0, 0, 128, 128, 128, 128, 128, 128, 1, 184, 1, 189, 1, 0, 3, 139, 147, 0, 0, 0, 82, 0, 0, 0, 15, 0, 0, 1, 139, 0, 0, 0, 146, 128, 1, 2, 139, 0, 0, 0, 146, 0, 3, 0, 139, 0, 0, 4, 11, 1, 0, 0, 196, 0, 2, 1, 199, 0, 1, 0, 133, 4, 131, 111, 118, 4, 131, 118, 48, 4, 142, 79, 110, 84, 101, 120, 116, 79, 118, 101, 114, 108, 97, 121, 4, 131, 118, 49, 4, 140, 83, 101, 110, 100, 86, 97, 114, 105, 97, 110, 116, 129, 0, 0, 0, 128, 128, 128, 128, 128, 128, 1, 192, 1, 196, 2, 0, 4, 144, 11, 1, 0, 0, 128, 1, 0, 0, 68, 1, 2, 2, 66, 1, 0, 0, 184, 4, 0, 128, 11, 1, 0, 0, 128, 1, 1, 0, 68, 1, 2, 2, 66, 1, 0, 0, 56, 2, 0, 128, 36, 1, 1, 0, 174, 0, 0, 8, 27, 1, 2, 1, 48, 1, 1, 11, 72, 1, 2, 0, 71, 1, 1, 0, 130, 4, 137, 116, 111, 110, 117, 109, 98, 101, 114, 3, 100, 0, 0, 0, 0, 0, 0, 0, 129, 0, 0, 0, 128, 128, 128, 128, 128, 128, 1, 197, 1, 202, 2, 0, 4, 146, 11, 1, 0, 0, 128, 1, 0, 0, 68, 1, 2, 2, 66, 1, 0, 0, 184, 4, 0, 128, 11, 1, 0, 0, 128, 1, 1, 0, 68, 1, 2, 2, 66, 1, 0, 0, 56, 2, 0, 128, 36, 1, 1, 0, 174, 0, 0, 8, 27, 1, 2, 1, 48, 1, 1, 11, 72, 1, 2, 0, 5, 1, 0, 0, 72, 1, 2, 0, 71, 1, 1, 0, 130, 4, 137, 116, 111, 110, 117, 109, 98, 101, 114, 3, 100, 0, 0, 0, 0, 0, 0, 0, 129, 0, 0, 0, 128, 128, 128, 128, 128, 128, 1, 205, 1, 223, 2, 0, 7, 214, 11, 1, 0, 0, 14, 1, 2, 1, 139, 1, 0, 2, 196, 1, 1, 2, 142, 1, 3, 3, 156, 1, 3, 4, 176, 1, 4, 12, 163, 1, 3, 0, 174, 1, 0, 7, 68, 1, 2, 2, 64, 129, 135, 0, 184, 5, 0, 128, 11, 1, 0, 0, 14, 1, 2, 1, 139, 1, 0, 2, 196, 1, 1, 2, 142, 1, 3, 5, 156, 1, 3, 4, 176, 1, 4, 12, 163, 1, 3, 1, 174, 1, 1, 7, 68, 1, 2, 2, 64, 1, 135, 0, 56, 2, 0, 128, 11, 1, 0, 6, 131, 129, 3, 0, 68, 1, 2, 1, 8, 1, 0, 0, 72, 1, 2, 0, 11, 1, 0, 8, 128, 1, 0, 0, 0, 2, 1, 0, 68, 1, 3, 2, 14, 1, 2, 9, 66, 1, 0, 0, 56, 2, 0, 128, 11, 1, 0, 6, 131, 129, 3, 0, 68, 1, 2, 1, 8, 1, 0, 0, 72, 1, 2, 0, 1, 129, 255, 127, 139, 1, 0, 8, 21, 2, 0, 128, 47, 0, 128, 6, 128, 2, 1, 0, 196, 1, 3, 2, 142, 1, 3, 9, 194, 129, 0, 0, 184, 0, 0, 128, 1, 1, 0, 128, 184, 5, 0, 128, 139, 1, 0, 8, 21, 2, 0, 126, 47, 0, 128, 7, 128, 2, 1, 0, 196, 1, 3, 2, 142, 1, 3, 9, 194, 129, 0, 0, 184, 0, 0, 128, 1, 1, 255, 127, 184, 0, 0, 128, 136, 1, 0, 0, 200, 1, 2, 0, 139, 1, 0, 10, 5, 2, 0, 0, 147, 2, 3, 0, 82, 0, 0, 0, 146, 130, 11, 12, 34, 3, 0, 2, 46, 0, 2, 6, 24, 3, 6, 4, 48, 3, 4, 8, 146, 2, 13, 6, 24, 3, 1, 4, 176, 0, 4, 8, 146, 2, 14, 6, 61, 1, 128, 0, 56, 1, 0, 128, 1, 131, 23, 128, 66, 131, 0, 0, 56, 0, 0, 128, 1, 131, 15, 128, 146, 2, 15, 6, 196, 1, 3, 1, 199, 1, 1, 0, 144, 4, 133, 109, 97, 116, 104, 4, 132, 97, 98, 115, 4, 137, 71, 101, 116, 76, 111, 99, 97, 108, 4, 133, 112, 111, 115, 88, 3, 32, 0, 0, 0, 0, 0, 0, 0, 4, 133, 112, 111, 115, 89, 4, 141, 76, 111, 103, 84, 111, 67, 111, 110, 115, 111, 108, 101, 4, 142, 96, 57, 91, 78, 111, 116, 32, 70, 111, 117, 110, 100, 93, 4, 137, 71, 101, 116, 84, 105, 108, 101, 115, 4, 139, 99, 111, 108, 108, 105, 100, 97, 98, 108, 101, 4, 142, 83, 101, 110, 100, 80, 97, 99, 107, 101, 116, 82, 97, 119, 4, 133, 116, 121, 112, 101, 3, 0, 0, 0, 0, 0, 0, 0, 0, 4, 130, 120, 4, 130, 121, 4, 134, 115, 116, 97, 116, 101, 129, 0, 0, 0, 128, 128, 128, 128, 128, 128, 1, 226, 2, 144, 0, 0, 16, 1, 164, 11, 0, 0, 0, 15, 0, 0, 0, 15, 128, 1, 2, 19, 0, 0, 0, 82, 0, 0, 0, 15, 0, 3, 0, 11, 0, 0, 4, 139, 0, 0, 5, 196, 0, 1, 0, 68, 0, 0, 5, 75, 128, 20, 0, 11, 3, 0, 4, 139, 3, 0, 0, 142, 3, 7, 6, 68, 3, 2, 5, 75, 131, 16, 0, 14, 6, 5, 7, 61, 6, 239, 0, 184, 14, 0, 128, 14, 6, 5, 8, 28, 6, 12, 9, 48, 6, 9, 12, 142, 6, 11, 10, 57, 6, 13, 0, 184, 11, 0, 128, 14, 6, 5, 11, 28, 6, 12, 9, 48, 6, 9, 12, 142, 6, 11, 12, 57, 6, 13, 0, 184, 8, 0, 128, 11, 6, 0, 1, 142, 6, 5, 13, 34, 6, 12, 13, 46, 6, 13, 6, 15, 0, 1, 12, 19, 6, 0, 0, 82, 0, 0, 0, 18, 134, 14, 15, 142, 6, 5, 17, 18, 6, 16, 13, 142, 6, 5, 8, 18, 6, 10, 13, 142, 6, 5, 11, 18, 6, 12, 13, 139, 6, 0, 18, 5, 7, 0, 0, 128, 7, 12, 0, 196, 6, 3, 1, 76, 3, 0, 2, 77, 131, 17, 0, 54, 3, 0, 0, 76, 0, 0, 2, 77, 128, 21, 0, 54, 0, 0, 0, 11, 0, 0, 19, 14, 0, 0, 20, 139, 0, 0, 3, 11, 1, 0, 1, 68, 0, 3, 1, 15, 128, 1, 2, 11, 0, 0, 4, 139, 0, 0, 5, 196, 0, 1, 0, 68, 0, 0, 5, 75, 128, 20, 0, 11, 3, 0, 4, 139, 3, 0, 0, 142, 3, 7, 21, 68, 3, 2, 5, 75, 131, 16, 0, 14, 6, 5, 7, 61, 6, 239, 0, 184, 14, 0, 128, 14, 6, 5, 8, 28, 6, 12, 9, 48, 6, 9, 12, 142, 6, 11, 10, 57, 6, 13, 0, 184, 11, 0, 128, 14, 6, 5, 11, 28, 6, 12, 9, 48, 6, 9, 12, 142, 6, 11, 12, 57, 6, 13, 0, 184, 8, 0, 128, 19, 6, 0, 0, 82, 0, 0, 0, 18, 134, 14, 15, 142, 6, 5, 17, 18, 6, 16, 13, 142, 6, 5, 8, 18, 6, 10, 13, 142, 6, 5, 11, 18, 6, 12, 13, 139, 6, 0, 18, 5, 7, 0, 0, 128, 7, 12, 0, 196, 6, 3, 1, 139, 6, 0, 1, 14, 7, 5, 13, 162, 6, 13, 14, 174, 6, 14, 6, 15, 0, 1, 13, 76, 3, 0, 2, 77, 131, 17, 0, 54, 3, 0, 0, 76, 0, 0, 2, 77, 128, 21, 0, 54, 0, 0, 0, 11, 0, 0, 19, 14, 0, 0, 20, 139, 0, 0, 3, 11, 1, 0, 1, 68, 0, 3, 1, 15, 128, 1, 2, 11, 0, 0, 3, 13, 0, 0, 1, 139, 0, 0, 3, 141, 0, 1, 2, 186, 0, 0, 0, 56, 5, 0, 128, 11, 0, 0, 22, 131, 128, 11, 0, 11, 1, 0, 3, 13, 1, 2, 1, 131, 1, 12, 0, 11, 2, 0, 3, 13, 2, 4, 2, 131, 130, 12, 0, 181, 0, 5, 0, 68, 0, 2, 1, 56, 13, 0, 128, 11, 0, 0, 3, 13, 0, 0, 1, 139, 0, 0, 3, 141, 0, 1, 2, 57, 0, 1, 0, 56, 5, 0, 128, 11, 0, 0, 22, 131, 0, 13, 0, 11, 1, 0, 3, 13, 1, 2, 1, 131, 129, 13, 0, 11, 2, 0, 3, 13, 2, 4, 2, 131, 2, 14, 0, 181, 0, 5, 0, 68, 0, 2, 1, 184, 4, 0, 128, 11, 0, 0, 22, 131, 128, 14, 0, 11, 1, 0, 3, 13, 1, 2, 1, 131, 1, 15, 0, 11, 2, 0, 3, 13, 2, 4, 2, 131, 130, 15, 0, 181, 0, 5, 0, 68, 0, 2, 1, 19, 0, 0, 0, 82, 0, 0, 0, 15, 0, 3, 0, 70, 128, 1, 0, 160, 4, 133, 116, 105, 108, 101, 4, 134, 67, 111, 117, 110, 116, 3, 0, 0, 0, 0, 0, 0, 0, 0, 4, 133, 100, 97, 116, 97, 4, 134, 112, 97, 105, 114, 115, 4, 142, 71, 101, 116, 79, 98, 106, 101, 99, 116, 76, 105, 115, 116, 4, 133, 112, 111, 115, 49, 4, 135, 105, 116, 101, 109, 105, 100, 4, 133, 112, 111, 115, 88, 3, 32, 0, 0, 0, 0, 0, 0, 0, 4, 130, 120, 4, 133, 112, 111, 115, 89, 4, 130, 121, 4, 135, 97, 109, 111, 117, 110, 116, 4, 133, 116, 121, 112, 101, 3, 11, 0, 0, 0, 0, 0, 0, 0, 4, 134, 118, 97, 108, 117, 101, 4, 131, 105, 100, 4, 142, 83, 101, 110, 100, 80, 97, 99, 107, 101, 116, 82, 97, 119, 4, 134, 116, 97, 98, 108, 101, 4, 135, 105, 110, 115, 101, 114, 116, 4, 133, 112, 111, 115, 50, 4, 137, 80, 114, 111, 120, 121, 76, 111, 103, 4, 146, 91, 96, 50, 87, 105, 110, 96, 119, 93, 32, 75, 105, 114, 105, 32, 96, 50, 4, 137, 32, 96, 98, 86, 115, 32, 96, 52, 4, 150, 32, 96, 119, 75, 97, 110, 97, 110, 32, 91, 96, 52, 76, 111, 115, 101, 96, 119, 93, 32, 32, 4, 147, 96, 48, 91, 84, 73, 69, 93, 32, 40, 103, 101, 109, 115, 41, 32, 32, 96, 99, 4, 137, 32, 96, 98, 86, 115, 32, 96, 99, 4, 145, 32, 96, 48, 91, 84, 73, 69, 93, 32, 40, 103, 101, 109, 115, 41, 32, 4, 147, 91, 96, 52, 76, 111, 115, 101, 96, 119, 93, 32, 75, 105, 114, 105, 32, 96, 52, 4, 137, 32, 96, 98, 86, 115, 32, 96, 50, 4, 147, 32, 96, 119, 75, 97, 110, 97, 110, 32, 91, 96, 50, 87, 105, 110, 96, 119, 93, 129, 0, 0, 0, 128, 128, 128, 128, 128, 128, 2, 146, 2, 188, 0, 0, 15, 1, 159, 11, 0, 0, 0, 15, 0, 0, 0, 15, 128, 1, 2, 19, 0, 0, 0, 82, 0, 0, 0, 15, 0, 3, 0, 11, 0, 0, 4, 139, 0, 0, 5, 196, 0, 1, 0, 68, 0, 0, 5, 75, 128, 18, 0, 11, 3, 0, 4, 139, 3, 0, 0, 142, 3, 7, 6, 68, 3, 2, 5, 75, 131, 14, 0, 14, 6, 5, 7, 61, 6, 239, 0, 184, 12, 0, 128, 14, 6, 5, 8, 28, 6, 12, 9, 48, 6, 9, 12, 142, 6, 11, 10, 57, 6, 13, 0, 184, 9, 0, 128, 14, 6, 5, 11, 28, 6, 12, 9, 48, 6, 9, 12, 142, 6, 11, 12, 57, 6, 13, 0, 184, 6, 0, 128, 11, 6, 0, 1, 142, 6, 5, 13, 34, 6, 12, 13, 46, 6, 13, 6, 15, 0, 1, 12, 19, 6, 0, 0, 82, 0, 0, 0, 18, 134, 14, 15, 142, 6, 5, 17, 18, 6, 16, 13, 142, 6, 5, 8, 18, 6, 10, 13, 142, 6, 5, 11, 18, 6, 12, 13, 76, 3, 0, 2, 77, 131, 15, 0, 54, 3, 0, 0, 76, 0, 0, 2, 77, 128, 19, 0, 54, 0, 0, 0, 11, 0, 0, 18, 14, 0, 0, 19, 139, 0, 0, 3, 11, 1, 0, 1, 68, 0, 3, 1, 15, 128, 1, 2, 11, 0, 0, 4, 139, 0, 0, 5, 196, 0, 1, 0, 68, 0, 0, 5, 75, 128, 18, 0, 11, 3, 0, 4, 139, 3, 0, 0, 142, 3, 7, 20, 68, 3, 2, 5, 75, 131, 14, 0, 14, 6, 5, 7, 61, 6, 239, 0, 184, 12, 0, 128, 14, 6, 5, 8, 28, 6, 12, 9, 48, 6, 9, 12, 142, 6, 11, 10, 57, 6, 13, 0, 184, 9, 0, 128, 14, 6, 5, 11, 28, 6, 12, 9, 48, 6, 9, 12, 142, 6, 11, 12, 57, 6, 13, 0, 184, 6, 0, 128, 19, 6, 0, 0, 82, 0, 0, 0, 18, 134, 14, 15, 142, 6, 5, 17, 18, 6, 16, 13, 142, 6, 5, 8, 18, 6, 10, 13, 142, 6, 5, 11, 18, 6, 12, 13, 139, 6, 0, 1, 14, 7, 5, 13, 162, 6, 13, 14, 174, 6, 14, 6, 15, 0, 1, 13, 76, 3, 0, 2, 77, 131, 15, 0, 54, 3, 0, 0, 76, 0, 0, 2, 77, 128, 19, 0, 54, 0, 0, 0, 11, 0, 0, 18, 14, 0, 0, 19, 139, 0, 0, 3, 11, 1, 0, 1, 68, 0, 3, 1, 15, 128, 1, 2, 11, 0, 0, 3, 13, 0, 0, 1, 139, 0, 0, 3, 141, 0, 1, 2, 186, 0, 0, 0, 184, 5, 0, 128, 11, 0, 0, 21, 129, 128, 0, 128, 3, 1, 11, 0, 139, 1, 0, 3, 141, 1, 3, 1, 3, 130, 11, 0, 139, 2, 0, 3, 141, 2, 5, 2, 3, 3, 12, 0, 53, 1, 5, 0, 68, 0, 3, 1, 56, 14, 0, 128, 11, 0, 0, 3, 13, 0, 0, 1, 139, 0, 0, 3, 141, 0, 1, 2, 57, 0, 1, 0, 184, 5, 0, 128, 11, 0, 0, 21, 129, 128, 0, 128, 3, 129, 12, 0, 139, 1, 0, 3, 141, 1, 3, 1, 3, 2, 13, 0, 139, 2, 0, 3, 141, 2, 5, 2, 3, 131, 13, 0, 53, 1, 5, 0, 68, 0, 3, 1, 56, 5, 0, 128, 11, 0, 0, 21, 129, 128, 0, 128, 3, 1, 14, 0, 139, 1, 0, 3, 141, 1, 3, 1, 3, 130, 14, 0, 139, 2, 0, 3, 141, 2, 5, 2, 3, 3, 15, 0, 53, 1, 5, 0, 68, 0, 3, 1, 19, 0, 0, 0, 82, 0, 0, 0, 15, 0, 3, 0, 70, 128, 1, 0, 159, 4, 133, 116, 105, 108, 101, 4, 134, 67, 111, 117, 110, 116, 3, 0, 0, 0, 0, 0, 0, 0, 0, 4, 133, 100, 97, 116, 97, 4, 134, 112, 97, 105, 114, 115, 4, 142, 71, 101, 116, 79, 98, 106, 101, 99, 116, 76, 105, 115, 116, 4, 133, 112, 111, 115, 49, 4, 135, 105, 116, 101, 109, 105, 100, 4, 133, 112, 111, 115, 88, 3, 32, 0, 0, 0, 0, 0, 0, 0, 4, 130, 120, 4, 133, 112, 111, 115, 89, 4, 130, 121, 4, 135, 97, 109, 111, 117, 110, 116, 4, 133, 116, 121, 112, 101, 3, 11, 0, 0, 0, 0, 0, 0, 0, 4, 134, 118, 97, 108, 117, 101, 4, 131, 105, 100, 4, 134, 116, 97, 98, 108, 101, 4, 135, 105, 110, 115, 101, 114, 116, 4, 133, 112, 111, 115, 50, 4, 139, 83, 101, 110, 100, 80, 97, 99, 107, 101, 116, 4, 165, 97, 99, 116, 105, 111, 110, 124, 105, 110, 112, 117, 116, 10, 124, 116, 101, 120, 116, 124, 91, 96, 50, 87, 105, 110, 96, 119, 93, 32, 75, 105, 114, 105, 32, 96, 50, 4, 137, 32, 96, 98, 86, 115, 32, 96, 52, 4, 150, 32, 96, 119, 75, 97, 110, 97, 110, 32, 91, 96, 52, 76, 111, 115, 101, 96, 119, 93, 32, 32, 4, 166, 97, 99, 116, 105, 111, 110, 124, 105, 110, 112, 117, 116, 10, 124, 116, 101, 120, 116, 124, 96, 48, 91, 84, 73, 69, 93, 32, 40, 103, 101, 109, 115, 41, 32, 32, 96, 99, 4, 137, 32, 96, 98, 86, 115, 32, 96, 99, 4, 145, 32, 96, 48, 91, 84, 73, 69, 93, 32, 40, 103, 101, 109, 115, 41, 32, 4, 166, 97, 99, 116, 105, 111, 110, 124, 105, 110, 112, 117, 116, 10, 124, 116, 101, 120, 116, 124, 91, 96, 52, 76, 111, 115, 101, 96, 119, 93, 32, 75, 105, 114, 105, 32, 96, 52, 4, 137, 32, 96, 98, 86, 115, 32, 96, 50, 4, 147, 32, 96, 119, 75, 97, 110, 97, 110, 32, 91, 96, 50, 87, 105, 110, 96, 119, 93, 129, 0, 0, 0, 128, 128, 128, 128, 128, 128, 2, 191, 4, 224, 2, 0, 11, 8, 183, 20, 129, 1, 0, 3, 130, 0, 0, 68, 1, 3, 2, 66, 1, 0, 0, 184, 22, 0, 128, 20, 129, 1, 3, 3, 130, 0, 0, 68, 1, 3, 2, 15, 0, 2, 2, 9, 1, 1, 0, 60, 1, 4, 0, 184, 6, 0, 128, 11, 1, 0, 5, 129, 129, 0, 128, 3, 2, 3, 0, 139, 2, 0, 2, 3, 131, 3, 0, 53, 2, 3, 0, 68, 1, 3, 1, 11, 1, 0, 5, 129, 129, 0, 128, 3, 2, 4, 0, 68, 1, 3, 1, 7, 1, 0, 0, 72, 1, 2, 0, 56, 12, 0, 128, 9, 1, 2, 0, 60, 1, 4, 0, 184, 4, 0, 128, 11, 1, 0, 5, 129, 129, 0, 128, 3, 2, 3, 0, 139, 2, 0, 2, 3, 131, 4, 0, 53, 2, 3, 0, 68, 1, 3, 1, 7, 1, 0, 0, 72, 1, 2, 0, 184, 5, 0, 128, 9, 1, 3, 0, 60, 1, 4, 0, 56, 4, 0, 128, 11, 1, 0, 5, 129, 129, 0, 128, 3, 2, 3, 0, 139, 2, 0, 2, 3, 3, 5, 0, 53, 2, 3, 0, 68, 1, 3, 1, 7, 1, 0, 0, 72, 1, 2, 0, 20, 129, 1, 0, 3, 130, 5, 0, 68, 1, 3, 2, 66, 1, 0, 0, 184, 7, 0, 128, 9, 1, 1, 0, 60, 1, 12, 0, 184, 25, 0, 128, 7, 1, 0, 0, 10, 1, 1, 0, 5, 1, 0, 0, 10, 1, 2, 0, 5, 1, 0, 0, 10, 1, 3, 0, 11, 1, 0, 5, 129, 129, 0, 128, 3, 130, 6, 0, 68, 1, 3, 1, 7, 1, 0, 0, 72, 1, 2, 0, 56, 19, 0, 128, 20, 129, 1, 0, 3, 2, 7, 0, 68, 1, 3, 2, 66, 1, 0, 0, 56, 7, 0, 128, 9, 1, 2, 0, 60, 1, 12, 0, 56, 15, 0, 128, 7, 1, 0, 0, 10, 1, 2, 0, 5, 1, 0, 0, 10, 1, 1, 0, 5, 1, 0, 0, 10, 1, 3, 0, 11, 1, 0, 15, 131, 1, 8, 0, 68, 1, 2, 1, 7, 1, 0, 0, 72, 1, 2, 0, 56, 9, 0, 128, 20, 129, 1, 0, 3, 130, 8, 0, 68, 1, 3, 2, 66, 1, 0, 0, 184, 6, 0, 128, 9, 1, 3, 0, 60, 1, 12, 0, 56, 5, 0, 128, 7, 1, 0, 0, 10, 1, 3, 0, 5, 1, 0, 0, 10, 1, 2, 0, 5, 1, 0, 0, 10, 1, 1, 0, 11, 1, 0, 15, 131, 1, 9, 0, 68, 1, 2, 1, 7, 1, 0, 0, 72, 1, 2, 0, 20, 129, 1, 0, 3, 130, 9, 0, 68, 1, 3, 2, 66, 129, 0, 0, 56, 2, 0, 128, 20, 129, 1, 0, 3, 2, 10, 0, 68, 1, 3, 2, 66, 1, 0, 0, 184, 8, 0, 128, 9, 1, 4, 0, 60, 1, 12, 0, 184, 3, 0, 128, 7, 1, 0, 0, 10, 1, 4, 0, 11, 1, 0, 15, 131, 129, 10, 0, 68, 1, 2, 1, 7, 1, 0, 0, 72, 1, 2, 0, 56, 3, 0, 128, 5, 1, 0, 0, 10, 1, 4, 0, 11, 1, 0, 15, 131, 1, 11, 0, 68, 1, 2, 1, 7, 1, 0, 0, 72, 1, 2, 0, 20, 129, 1, 0, 3, 130, 11, 0, 68, 1, 3, 2, 66, 1, 0, 0, 56, 5, 0, 128, 19, 1, 0, 0, 82, 0, 0, 0, 15, 0, 24, 2, 11, 1, 0, 24, 18, 129, 25, 26, 11, 1, 0, 24, 139, 1, 0, 28, 18, 1, 27, 3, 11, 1, 0, 29, 139, 1, 0, 24, 68, 1, 2, 1, 20, 129, 1, 0, 3, 2, 15, 0, 68, 1, 3, 2, 66, 129, 0, 0, 56, 2, 0, 128, 20, 129, 1, 0, 3, 130, 15, 0, 68, 1, 3, 2, 66, 1, 0, 0, 56, 5, 0, 128, 19, 1, 0, 0, 82, 0, 0, 0, 15, 0, 24, 2, 11, 1, 0, 24, 18, 129, 25, 26, 11, 1, 0, 24, 139, 1, 0, 32, 18, 1, 27, 3, 11, 1, 0, 29, 139, 1, 0, 24, 68, 1, 2, 1, 20, 129, 1, 0, 3, 130, 16, 0, 68, 1, 3, 2, 66, 1, 0, 0, 56, 5, 0, 128, 19, 1, 0, 0, 82, 0, 0, 0, 15, 0, 24, 2, 11, 1, 0, 24, 18, 129, 25, 26, 11, 1, 0, 24, 139, 1, 0, 34, 18, 1, 27, 3, 11, 1, 0, 29, 139, 1, 0, 24, 68, 1, 2, 1, 20, 129, 1, 0, 3, 130, 17, 0, 68, 1, 3, 2, 66, 129, 0, 0, 56, 2, 0, 128, 20, 129, 1, 0, 3, 2, 18, 0, 68, 1, 3, 2, 66, 1, 0, 0, 184, 9, 0, 128, 9, 1, 5, 0, 60, 1, 12, 0, 56, 4, 0, 128, 7, 1, 0, 0, 10, 1, 5, 0, 11, 1, 0, 5, 129, 129, 0, 128, 3, 130, 18, 0, 68, 1, 3, 1, 7, 1, 0, 0, 72, 1, 2, 0, 184, 3, 0, 128, 5, 1, 0, 0, 10, 1, 5, 0, 11, 1, 0, 5, 129, 129, 0, 128, 3, 2, 19, 0, 68, 1, 3, 1, 7, 1, 0, 0, 72, 1, 2, 0, 20, 129, 1, 0, 3, 130, 19, 0, 68, 1, 3, 2, 66, 1, 0, 0, 56, 8, 0, 128, 11, 1, 0, 40, 60, 1, 12, 0, 184, 3, 0, 128, 15, 128, 40, 4, 11, 1, 0, 5, 129, 129, 0, 128, 3, 130, 20, 0, 68, 1, 3, 1, 7, 1, 0, 0, 72, 1, 2, 0, 184, 2, 0, 128, 15, 128, 40, 12, 11, 1, 0, 15, 131, 1, 21, 0, 68, 1, 2, 1, 7, 1, 0, 0, 72, 1, 2, 0, 20, 129, 1, 0, 3, 130, 21, 0, 68, 1, 3, 2, 66, 1, 0, 0, 56, 5, 0, 128, 11, 1, 0, 5, 129, 129, 0, 128, 3, 2, 22, 0, 68, 1, 3, 1, 11, 1, 0, 5, 129, 129, 0, 128, 3, 130, 22, 0, 68, 1, 3, 1, 7, 1, 0, 0, 72, 1, 2, 0, 56, 5, 0, 128, 20, 129, 1, 0, 3, 2, 23, 0, 68, 1, 3, 2, 66, 1, 0, 0, 184, 2, 0, 128, 11, 1, 0, 5, 129, 129, 0, 128, 3, 130, 23, 0, 68, 1, 3, 1, 7, 1, 0, 0, 72, 1, 2, 0, 20, 129, 1, 0, 3, 2, 24, 0, 68, 1, 3, 2, 66, 1, 0, 0, 56, 94, 0, 128, 11, 1, 0, 50, 68, 1, 1, 2, 14, 1, 2, 51, 28, 1, 2, 52, 48, 1, 52, 12, 15, 0, 49, 2, 11, 1, 0, 50, 68, 1, 1, 2, 14, 1, 2, 54, 28, 1, 2, 52, 48, 1, 52, 12, 15, 0, 53, 2, 11, 1, 0, 49, 21, 1, 2, 124, 47, 1, 130, 7, 15, 0, 55, 2, 11, 1, 0, 53, 21, 1, 2, 128, 47, 1, 128, 6, 15, 0, 56, 2, 11, 1, 0, 49, 21, 1, 2, 130, 47, 1, 130, 6, 15, 0, 57, 2, 11, 1, 0, 53, 21, 1, 2, 128, 47, 1, 128, 6, 15, 0, 58, 2, 11, 1, 0, 55, 21, 1, 2, 126, 47, 1, 128, 7, 15, 0, 59, 2, 11, 1, 0, 56, 15, 0, 60, 2, 11, 1, 0, 57, 21, 1, 2, 128, 47, 1, 128, 6, 15, 0, 61, 2, 11, 1, 0, 56, 15, 0, 62, 2, 11, 1, 0, 49, 21, 1, 2, 123, 47, 1, 131, 7, 15, 0, 63, 2, 11, 1, 0, 53, 21, 1, 2, 128, 47, 1, 128, 6, 15, 0, 64, 2, 11, 1, 0, 49, 21, 1, 2, 131, 47, 1, 131, 6, 15, 0, 65, 2, 11, 1, 0, 53, 21, 1, 2, 128, 47, 1, 128, 6, 15, 0, 66, 2, 11, 1, 0, 49, 21, 1, 2, 124, 47, 1, 130, 7, 15, 0, 67, 2, 11, 1, 0, 53, 21, 1, 2, 126, 47, 1, 128, 7, 15, 0, 68, 2, 11, 1, 0, 67, 21, 1, 2, 126, 47, 1, 128, 7, 15, 0, 69, 2, 11, 1, 0, 67, 21, 1, 2, 125, 47, 1, 129, 7, 15, 0, 70, 2, 19, 1, 2, 0, 82, 0, 0, 0, 147, 1, 0, 3, 82, 0, 0, 0, 19, 2, 2, 0, 82, 0, 0, 0, 139, 2, 0, 67, 18, 2, 73, 5, 139, 2, 0, 68, 18, 2, 74, 5, 147, 2, 2, 0, 82, 0, 0, 0, 11, 3, 0, 69, 146, 2, 73, 6, 11, 3, 0, 68, 146, 2, 74, 6, 19, 3, 2, 0, 82, 0, 0, 0, 139, 3, 0, 70, 18, 3, 73, 7, 139, 3, 0, 68, 18, 3, 74, 7, 206, 1, 3, 0, 18, 1, 72, 3, 147, 1, 0, 3, 82, 0, 0, 0, 19, 2, 2, 0, 82, 0, 0, 0, 139, 2, 0, 76, 18, 2, 73, 5, 139, 2, 0, 77, 18, 2, 74, 5, 147, 2, 2, 0, 82, 0, 0, 0, 11, 3, 0, 78, 146, 2, 73, 6, 11, 3, 0, 77, 146, 2, 74, 6, 19, 3, 2, 0, 82, 0, 0, 0, 139, 3, 0, 79, 18, 3, 73, 7, 139, 3, 0, 77, 18, 3, 74, 7, 206, 1, 3, 0, 18, 1, 75, 3, 15, 0, 71, 2, 11, 1, 0, 49, 21, 1, 2, 130, 47, 1, 130, 6, 15, 0, 76, 2, 11, 1, 0, 53, 21, 1, 2, 126, 47, 1, 128, 7, 15, 0, 77, 2, 11, 1, 0, 76, 21, 1, 2, 128, 47, 1, 128, 6, 15, 0, 78, 2, 11, 1, 0, 76, 21, 1, 2, 129, 47, 1, 129, 6, 15, 0, 79, 2, 19, 1, 2, 0, 82, 0, 0, 0, 147, 1, 0, 3, 82, 0, 0, 0, 19, 2, 2, 0, 82, 0, 0, 0, 139, 2, 0, 67, 18, 2, 73, 5, 139, 2, 0, 68, 18, 2, 74, 5, 147, 2, 2, 0, 82, 0, 0, 0, 11, 3, 0, 69, 146, 2, 73, 6, 11, 3, 0, 68, 146, 2, 74, 6, 19, 3, 2, 0, 82, 0, 0, 0, 139, 3, 0, 70, 18, 3, 73, 7, 139, 3, 0, 68, 18, 3, 74, 7, 206, 1, 3, 0, 18, 1, 72, 3, 147, 1, 0, 3, 82, 0, 0, 0, 19, 2, 2, 0, 82, 0, 0, 0, 139, 2, 0, 76, 18, 2, 73, 5, 139, 2, 0, 77, 18, 2, 74, 5, 147, 2, 2, 0, 82, 0, 0, 0, 11, 3, 0, 78, 146, 2, 73, 6, 11, 3, 0, 77, 146, 2, 74, 6, 19, 3, 2, 0, 82, 0, 0, 0, 139, 3, 0, 79, 18, 3, 73, 7, 139, 3, 0, 77, 18, 3, 74, 7, 206, 1, 3, 0, 18, 1, 75, 3, 15, 0, 71, 2, 11, 1, 0, 5, 129, 129, 0, 128, 3, 2, 40, 0, 68, 1, 3, 1, 7, 1, 0, 0, 72, 1, 2, 0, 56, 96, 0, 128, 20, 129, 1, 0, 3, 130, 40, 0, 68, 1, 3, 2, 66, 1, 0, 0, 184, 93, 0, 128, 11, 1, 0, 50, 68, 1, 1, 2, 14, 1, 2, 51, 28, 1, 2, 52, 48, 1, 52, 12, 15, 0, 49, 2, 11, 1, 0, 50, 68, 1, 1, 2, 14, 1, 2, 54, 28, 1, 2, 52, 48, 1, 52, 12, 15, 0, 53, 2, 11, 1, 0, 49, 21, 1, 2, 124, 47, 1, 130, 7, 15, 0, 55, 2, 11, 1, 0, 53, 21, 1, 2, 126, 47, 1, 128, 7, 15, 0, 56, 2, 11, 1, 0, 49, 21, 1, 2, 130, 47, 1, 130, 6, 15, 0, 57, 2, 11, 1, 0, 53, 21, 1, 2, 126, 47, 1, 128, 7, 15, 0, 58, 2, 11, 1, 0, 55, 21, 1, 2, 126, 47, 1, 128, 7, 15, 0, 59, 2, 11, 1, 0, 56, 15, 0, 60, 2, 11, 1, 0, 57, 21, 1, 2, 128, 47, 1, 128, 6, 15, 0, 61, 2, 11, 1, 0, 56, 15, 0, 62, 2, 11, 1, 0, 49, 21, 1, 2, 123, 47, 1, 131, 7, 15, 0, 63, 2, 11, 1, 0, 53, 21, 1, 2, 126, 47, 1, 128, 7, 15, 0, 64, 2, 11, 1, 0, 49, 21, 1, 2, 131, 47, 1, 131, 6, 15, 0, 65, 2, 11, 1, 0, 53, 21, 1, 2, 126, 47, 1, 128, 7, 15, 0, 66, 2, 11, 1, 0, 49, 21, 1, 2, 124, 47, 1, 130, 7, 15, 0, 67, 2, 11, 1, 0, 53, 21, 1, 2, 128, 47, 1, 128, 6, 15, 0, 68, 2, 11, 1, 0, 67, 21, 1, 2, 126, 47, 1, 128, 7, 15, 0, 69, 2, 11, 1, 0, 67, 21, 1, 2, 125, 47, 1, 129, 7, 15, 0, 70, 2, 19, 1, 2, 0, 82, 0, 0, 0, 147, 1, 0, 3, 82, 0, 0, 0, 19, 2, 2, 0, 82, 0, 0, 0, 139, 2, 0, 67, 18, 2, 73, 5, 139, 2, 0, 68, 18, 2, 74, 5, 147, 2, 2, 0, 82, 0, 0, 0, 11, 3, 0, 69, 146, 2, 73, 6, 11, 3, 0, 68, 146, 2, 74, 6, 19, 3, 2, 0, 82, 0, 0, 0, 139, 3, 0, 70, 18, 3, 73, 7, 139, 3, 0, 68, 18, 3, 74, 7, 206, 1, 3, 0, 18, 1, 72, 3, 147, 1, 0, 3, 82, 0, 0, 0, 19, 2, 2, 0, 82, 0, 0, 0, 139, 2, 0, 76, 18, 2, 73, 5, 139, 2, 0, 77, 18, 2, 74, 5, 147, 2, 2, 0, 82, 0, 0, 0, 11, 3, 0, 78, 146, 2, 73, 6, 11, 3, 0, 77, 146, 2, 74, 6, 19, 3, 2, 0, 82, 0, 0, 0, 139, 3, 0, 79, 18, 3, 73, 7, 139, 3, 0, 77, 18, 3, 74, 7, 206, 1, 3, 0, 18, 1, 75, 3, 15, 0, 71, 2, 11, 1, 0, 49, 21, 1, 2, 130, 47, 1, 130, 6, 15, 0, 76, 2, 11, 1, 0, 53, 21, 1, 2, 128, 47, 1, 128, 6, 15, 0, 77, 2, 11, 1, 0, 76, 21, 1, 2, 128, 47, 1, 128, 6, 15, 0, 78, 2, 11, 1, 0, 76, 21, 1, 2, 129, 47, 1, 129, 6, 15, 0, 79, 2, 19, 1, 2, 0, 82, 0, 0, 0, 147, 1, 0, 3, 82, 0, 0, 0, 19, 2, 2, 0, 82, 0, 0, 0, 139, 2, 0, 67, 18, 2, 73, 5, 139, 2, 0, 68, 18, 2, 74, 5, 147, 2, 2, 0, 82, 0, 0, 0, 11, 3, 0, 69, 146, 2, 73, 6, 11, 3, 0, 68, 146, 2, 74, 6, 19, 3, 2, 0, 82, 0, 0, 0, 139, 3, 0, 70, 18, 3, 73, 7, 139, 3, 0, 68, 18, 3, 74, 7, 206, 1, 3, 0, 18, 1, 72, 3, 147, 1, 0, 3, 82, 0, 0, 0, 19, 2, 2, 0, 82, 0, 0, 0, 139, 2, 0, 76, 18, 2, 73, 5, 139, 2, 0, 77, 18, 2, 74, 5, 147, 2, 2, 0, 82, 0, 0, 0, 11, 3, 0, 78, 146, 2, 73, 6, 11, 3, 0, 77, 146, 2, 74, 6, 19, 3, 2, 0, 82, 0, 0, 0, 139, 3, 0, 79, 18, 3, 73, 7, 139, 3, 0, 77, 18, 3, 74, 7, 206, 1, 3, 0, 18, 1, 75, 3, 15, 0, 71, 2, 11, 1, 0, 5, 129, 129, 0, 128, 3, 2, 41, 0, 68, 1, 3, 1, 7, 1, 0, 0, 72, 1, 2, 0, 20, 129, 1, 0, 3, 130, 41, 0, 68, 1, 3, 2, 66, 129, 0, 0, 56, 2, 0, 128, 20, 129, 1, 0, 3, 2, 42, 0, 68, 1, 3, 2, 66, 1, 0, 0, 56, 49, 0, 128, 11, 1, 0, 85, 68, 1, 1, 1, 11, 1, 0, 87, 14, 1, 2, 88, 139, 1, 0, 89, 155, 1, 3, 90, 176, 1, 90, 11, 68, 1, 2, 2, 15, 0, 86, 2, 11, 1, 0, 87, 14, 1, 2, 88, 139, 1, 0, 89, 155, 1, 3, 92, 176, 1, 92, 11, 68, 1, 2, 2, 15, 0, 91, 2, 11, 1, 0, 89, 139, 1, 0, 91, 152, 1, 3, 92, 176, 1, 92, 8, 35, 1, 2, 3, 46, 1, 3, 7, 15, 0, 89, 2, 11, 1, 0, 87, 14, 1, 2, 88, 139, 1, 0, 89, 155, 1, 3, 94, 176, 1, 94, 11, 68, 1, 2, 2, 15, 0, 93, 2, 11, 1, 0, 89, 25, 1, 2, 94, 48, 1, 94, 9, 15, 0, 95, 2, 11, 1, 0, 96, 139, 1, 0, 63, 11, 2, 0, 64, 68, 1, 3, 1, 11, 1, 0, 97, 129, 129, 9, 142, 68, 1, 2, 1, 11, 1, 0, 97, 129, 129, 129, 131, 68, 1, 2, 1, 15, 128, 98, 4, 11, 1, 0, 86, 61, 129, 127, 0, 56, 2, 0, 128, 11, 1, 0, 86, 131, 1, 50, 0, 53, 1, 2, 0, 66, 129, 0, 0, 56, 0, 0, 128, 3, 129, 50, 0, 131, 1, 51, 0, 11, 2, 0, 91, 61, 130, 127, 0, 56, 2, 0, 128, 11, 2, 0, 91, 131, 130, 51, 0, 53, 2, 2, 0, 66, 130, 0, 0, 56, 0, 0, 128, 3, 130, 50, 0, 131, 2, 51, 0, 11, 3, 0, 93, 61, 131, 127, 0, 56, 2, 0, 128, 11, 3, 0, 93, 131, 3, 52, 0, 53, 3, 2, 0, 66, 131, 0, 0, 56, 0, 0, 128, 3, 131, 50, 0, 131, 3, 51, 0, 11, 4, 0, 95, 61, 132, 127, 0, 56, 2, 0, 128, 11, 4, 0, 95, 131, 132, 52, 0, 53, 4, 2, 0, 66, 132, 0, 0, 56, 0, 0, 128, 3, 132, 50, 0, 53, 1, 7, 0, 15, 0, 99, 2, 11, 1, 0, 5, 129, 129, 0, 128, 3, 2, 53, 0, 139, 2, 0, 99, 53, 2, 2, 0, 68, 1, 3, 1, 11, 1, 0, 107, 131, 1, 54, 0, 11, 2, 0, 99, 181, 1, 2, 0, 68, 1, 2, 1, 7, 1, 0, 0, 72, 1, 2, 0, 20, 129, 1, 0, 3, 130, 54, 0, 68, 1, 3, 2, 66, 129, 0, 0, 56, 2, 0, 128, 20, 129, 1, 0, 3, 2, 55, 0, 68, 1, 3, 2, 66, 1, 0, 0, 56, 49, 0, 128, 11, 1, 0, 85, 68, 1, 1, 1, 11, 1, 0, 87, 14, 1, 2, 88, 139, 1, 0, 89, 155, 1, 3, 90, 176, 1, 90, 11, 68, 1, 2, 2, 15, 0, 86, 2, 11, 1, 0, 87, 14, 1, 2, 88, 139, 1, 0, 89, 155, 1, 3, 92, 176, 1, 92, 11, 68, 1, 2, 2, 15, 0, 91, 2, 11, 1, 0, 89, 139, 1, 0, 91, 152, 1, 3, 92, 176, 1, 92, 8, 35, 1, 2, 3, 46, 1, 3, 7, 15, 0, 89, 2, 11, 1, 0, 87, 14, 1, 2, 88, 139, 1, 0, 89, 155, 1, 3, 94, 176, 1, 94, 11, 68, 1, 2, 2, 15, 0, 93, 2, 11, 1, 0, 89, 25, 1, 2, 94, 48, 1, 94, 9, 15, 0, 95, 2, 11, 1, 0, 96, 139, 1, 0, 65, 11, 2, 0, 66, 68, 1, 3, 1, 11, 1, 0, 97, 129, 129, 9, 142, 68, 1, 2, 1, 11, 1, 0, 97, 129, 129, 129, 131, 68, 1, 2, 1, 15, 128, 98, 4, 11, 1, 0, 86, 61, 129, 127, 0, 56, 2, 0, 128, 11, 1, 0, 86, 131, 1, 50, 0, 53, 1, 2, 0, 66, 129, 0, 0, 56, 0, 0, 128, 3, 129, 50, 0, 131, 1, 51, 0, 11, 2, 0, 91, 61, 130, 127, 0, 56, 2, 0, 128, 11, 2, 0, 91, 131, 130, 51, 0, 53, 2, 2, 0, 66, 130, 0, 0, 56, 0, 0, 128, 3, 130, 50, 0, 131, 2, 51, 0, 11, 3, 0, 93, 61, 131, 127, 0, 56, 2, 0, 128, 11, 3, 0, 93, 131, 3, 52, 0, 53, 3, 2, 0, 66, 131, 0, 0, 56, 0, 0, 128, 3, 131, 50, 0, 131, 3, 51, 0, 11, 4, 0, 95, 61, 132, 127, 0, 56, 2, 0, 128, 11, 4, 0, 95, 131, 132, 52, 0, 53, 4, 2, 0, 66, 132, 0, 0, 56, 0, 0, 128, 3, 132, 50, 0, 53, 1, 7, 0, 15, 0, 99, 2, 11, 1, 0, 5, 129, 129, 0, 128, 3, 2, 53, 0, 139, 2, 0, 99, 53, 2, 2, 0, 68, 1, 3, 1, 11, 1, 0, 107, 131, 1, 54, 0, 11, 2, 0, 99, 181, 1, 2, 0, 68, 1, 2, 1, 7, 1, 0, 0, 72, 1, 2, 0, 20, 129, 1, 0, 3, 130, 55, 0, 68, 1, 3, 2, 66, 1, 0, 0, 184, 5, 0, 128, 5, 1, 0, 0, 10, 1, 3, 0, 5, 1, 0, 0, 10, 1, 2, 0, 5, 1, 0, 0, 10, 1, 1, 0, 11, 1, 0, 5, 129, 129, 0, 128, 3, 2, 56, 0, 68, 1, 3, 1, 7, 1, 0, 0, 72, 1, 2, 0, 20, 129, 1, 0, 3, 130, 56, 0, 68, 1, 3, 2, 66, 1, 0, 0, 56, 6, 0, 128, 20, 129, 1, 3, 3, 130, 56, 0, 68, 1, 3, 2, 10, 1, 6, 0, 11, 1, 0, 5, 129, 129, 0, 128, 3, 2, 57, 0, 137, 2, 6, 0, 3, 131, 57, 0, 53, 2, 3, 0, 68, 1, 3, 1, 7, 1, 0, 0, 72, 1, 2, 0, 20, 129, 1, 0, 3, 2, 58, 0, 68, 1, 3, 2, 66, 129, 0, 0, 56, 2, 0, 128, 20, 129, 1, 0, 3, 130, 58, 0, 68, 1, 3, 2, 66, 1, 0, 0, 184, 1, 0, 128, 11, 1, 0, 118, 68, 1, 1, 1, 7, 1, 0, 0, 72, 1, 2, 0, 20, 129, 1, 0, 3, 130, 59, 0, 68, 1, 3, 2, 66, 1, 0, 0, 184, 16, 0, 128, 11, 1, 0, 120, 68, 1, 1, 1, 11, 1, 0, 87, 14, 1, 2, 88, 139, 1, 0, 122, 9, 2, 6, 0, 164, 1, 3, 4, 174, 1, 4, 8, 155, 1, 3, 94, 176, 1, 94, 11, 68, 1, 2, 2, 15, 0, 121, 2, 11, 1, 0, 122, 139, 1, 0, 121, 35, 1, 2, 3, 46, 1, 3, 7, 15, 0, 89, 2, 11, 1, 0, 122, 28, 1, 2, 124, 48, 1, 124, 12, 15, 0, 123, 2, 11, 1, 0, 5, 129, 129, 0, 128, 3, 130, 62, 0, 139, 2, 0, 123, 3, 3, 63, 0, 139, 3, 0, 121, 3, 132, 63, 0, 139, 4, 0, 89, 3, 5, 64, 0, 53, 2, 7, 0, 68, 1, 3, 1, 7, 1, 0, 0, 72, 1, 2, 0, 20, 129, 1, 0, 3, 130, 64, 0, 68, 1, 3, 2, 66, 1, 0, 0, 184, 13, 0, 128, 20, 129, 1, 3, 3, 130, 64, 0, 68, 1, 3, 2, 15, 0, 130, 2, 11, 1, 0, 132, 139, 1, 0, 130, 68, 1, 2, 2, 15, 0, 131, 2, 11, 1, 0, 133, 129, 129, 120, 128, 1, 130, 129, 131, 139, 2, 0, 131, 68, 1, 4, 1, 11, 1, 0, 5, 129, 129, 0, 128, 3, 2, 67, 0, 139, 2, 0, 130, 53, 2, 2, 0, 68, 1, 3, 1, 11, 1, 0, 5, 129, 129, 0, 128, 3, 130, 67, 0, 139, 2, 0, 130, 3, 3, 68, 0, 53, 2, 3, 0, 68, 1, 3, 1, 7, 1, 0, 0, 72, 1, 2, 0, 20, 129, 1, 0, 3, 130, 68, 0, 68, 1, 3, 2, 66, 1, 0, 0, 56, 16, 0, 128, 20, 129, 1, 3, 3, 130, 68, 0, 68, 1, 3, 2, 15, 0, 130, 2, 11, 1, 0, 132, 139, 1, 0, 130, 68, 1, 2, 2, 15, 0, 131, 2, 11, 1, 0, 133, 129, 129, 129, 131, 1, 130, 120, 128, 139, 2, 0, 131, 68, 1, 4, 1, 11, 1, 0, 133, 129, 129, 129, 131, 1, 130, 9, 142, 139, 2, 0, 131, 68, 1, 4, 1, 11, 1, 0, 5, 129, 129, 0, 128, 3, 2, 69, 0, 139, 2, 0, 130, 53, 2, 2, 0, 68, 1, 3, 1, 11, 1, 0, 5, 129, 129, 0, 128, 3, 130, 67, 0, 139, 2, 0, 130, 3, 131, 69, 0, 53, 2, 3, 0, 68, 1, 3, 1, 7, 1, 0, 0, 72, 1, 2, 0, 20, 129, 1, 0, 3, 2, 70, 0, 68, 1, 3, 2, 66, 1, 0, 0, 56, 9, 0, 128, 20, 129, 1, 3, 3, 2, 70, 0, 68, 1, 3, 2, 15, 0, 130, 2, 11, 1, 0, 5, 129, 129, 0, 128, 3, 130, 70, 0, 139, 2, 0, 130, 53, 2, 2, 0, 68, 1, 3, 1, 11, 1, 0, 5, 129, 129, 0, 128, 3, 130, 67, 0, 139, 2, 0, 130, 3, 3, 71, 0, 53, 2, 3, 0, 68, 1, 3, 1, 7, 1, 0, 0, 72, 1, 2, 0, 20, 129, 1, 0, 3, 130, 71, 0, 68, 1, 3, 2, 66, 1, 0, 0, 184, 5, 0, 128, 20, 129, 1, 3, 3, 130, 71, 0, 68, 1, 3, 2, 15, 0, 130, 2, 11, 1, 0, 5, 129, 129, 0, 128, 3, 2, 72, 0, 139, 2, 0, 130, 53, 2, 2, 0, 68, 1, 3, 1, 7, 1, 0, 0, 72, 1, 2, 0, 5, 1, 0, 0, 72, 1, 2, 0, 71, 1, 1, 0, 1, 145, 4, 133, 102, 105, 110, 100, 4, 155, 97, 99, 116, 105, 111, 110, 124, 119, 114, 101, 110, 99, 104, 10, 124, 110, 101, 116, 105, 100, 124, 40, 37, 100, 43, 41, 4, 131, 105, 100, 4, 134, 109, 97, 116, 99, 104, 17, 4, 139, 83, 101, 110, 100, 80, 97, 99, 107, 101, 116, 20, 174, 97, 99, 116, 105, 111, 110, 124, 100, 105, 97, 108, 111, 103, 95, 114, 101, 116, 117, 114, 110, 10, 100, 105, 97, 108, 111, 103, 95, 110, 97, 109, 101, 124, 112, 111, 112, 117, 112, 10, 110, 101, 116, 73, 68, 124, 4, 149, 124, 10, 98, 117, 116, 116, 111, 110, 67, 108, 105, 99, 107, 101, 100, 124, 112, 117, 108, 108, 4, 161, 97, 99, 116, 105, 111, 110, 124, 105, 110, 112, 117, 116, 10, 124, 116, 101, 120, 116, 124, 96, 53, 71, 65, 83, 32, 83, 73, 82, 82, 32, 63, 63, 4, 149, 124, 10, 98, 117, 116, 116, 111, 110, 67, 108, 105, 99, 107, 101, 100, 124, 107, 105, 99, 107, 4, 154, 124, 10, 98, 117, 116, 116, 111, 110, 67, 108, 105, 99, 107, 101, 100, 124, 119, 111, 114, 108, 100, 95, 98, 97, 110, 4, 132, 47, 119, 112, 1, 4, 166, 97, 99, 116, 105, 111, 110, 124, 105, 110, 112, 117, 116, 10, 124, 116, 101, 120, 116, 124, 96, 50, 80, 85, 76, 76, 32, 96, 48, 77, 79, 68, 69, 32, 96, 50, 79, 78, 4, 132, 47, 119, 107, 4, 141, 76, 111, 103, 84, 111, 67, 111, 110, 115, 111, 108, 101, 4, 168, 96, 48, 83, 117, 99, 99, 101, 115, 32, 67, 104, 97, 110, 103, 101, 32, 87, 114, 101, 110, 99, 104, 32, 84, 111, 32, 96, 52, 75, 105, 99, 107, 32, 96, 50, 77, 111, 100, 101, 4, 132, 47, 119, 98, 20, 173, 96, 119, 91, 96, 48, 83, 117, 99, 99, 101, 115, 32, 67, 104, 97, 110, 103, 101, 32, 87, 114, 101, 110, 99, 104, 32, 84, 111, 32, 96, 52, 66, 97, 110, 32, 96, 50, 77, 111, 100, 101, 96, 119, 93, 4, 131, 47, 99, 4, 132, 47, 99, 118, 4, 156, 96, 50, 69, 110, 97, 98, 108, 101, 100, 32, 96, 48, 70, 97, 115, 116, 32, 67, 104, 97, 110, 103, 101, 32, 66, 71, 76, 4, 157, 96, 52, 68, 105, 115, 97, 98, 108, 101, 100, 32, 96, 48, 70, 97, 115, 116, 32, 67, 104, 97, 110, 103, 101, 32, 66, 71, 76, 4, 136, 102, 114, 105, 101, 110, 100, 115, 4, 132, 118, 97, 114, 4, 131, 118, 48, 4, 144, 79, 110, 68, 105, 97, 108, 111, 103, 82, 101, 113, 117, 101, 115, 116, 4, 131, 118, 49, 4, 138, 66, 84, 75, 68, 73, 65, 76, 79, 71, 4, 140, 83, 101, 110, 100, 86, 97, 114, 105, 97, 110, 116, 4, 135, 47, 112, 114, 111, 120, 121, 4, 146, 98, 117, 116, 116, 111, 110, 67, 108, 105, 99, 107, 101, 100, 124, 117, 98, 97, 4, 132, 99, 109, 100, 4, 151, 98, 117, 116, 116, 111, 110, 67, 108, 105, 99, 107, 101, 100, 124, 115, 101, 116, 117, 112, 98, 116, 107, 4, 134, 83, 69, 84, 85, 80, 4, 138, 47, 112, 117, 116, 99, 104, 97, 110, 100, 4, 152, 98, 117, 116, 116, 111, 110, 67, 108, 105, 99, 107, 101, 100, 124, 112, 117, 116, 99, 104, 97, 110, 100, 115, 20, 175, 97, 99, 116, 105, 111, 110, 124, 105, 110, 112, 117, 116, 10, 116, 101, 120, 116, 124, 96, 50, 69, 110, 97, 98, 108, 101, 100, 32, 96, 48, 65, 117, 116, 111, 32, 80, 117, 116, 32, 96, 57, 67, 104, 97, 110, 100, 20, 176, 97, 99, 116, 105, 111, 110, 124, 105, 110, 112, 117, 116, 10, 116, 101, 120, 116, 124, 96, 52, 68, 105, 115, 97, 98, 108, 101, 100, 32, 96, 48, 65, 117, 116, 111, 32, 80, 117, 116, 32, 96, 57, 67, 104, 97, 110, 100, 4, 133, 47, 115, 100, 98, 4, 133, 115, 100, 98, 98, 4, 168, 97, 99, 116, 105, 111, 110, 124, 105, 110, 112, 117, 116, 10, 116, 101, 120, 116, 124, 96, 50, 69, 110, 97, 98, 108, 101, 100, 100, 32, 96, 48, 66, 108, 111, 107, 32, 83, 68, 66, 4, 151, 96, 52, 68, 105, 115, 97, 98, 108, 101, 100, 100, 32, 96, 48, 66, 108, 111, 107, 32, 83, 68, 66, 4, 134, 47, 98, 108, 117, 101, 20, 196, 97, 99, 116, 105, 111, 110, 124, 100, 105, 97, 108, 111, 103, 95, 114, 101, 116, 117, 114, 110, 10, 100, 105, 97, 108, 111, 103, 95, 110, 97, 109, 101, 124, 105, 110, 102, 111, 95, 98, 111, 120, 10, 98, 117, 116, 116, 111, 110, 67, 108, 105, 99, 107, 101, 100, 124, 109, 97, 107, 101, 95, 98, 108, 117, 101, 103, 108, 20, 207, 97, 99, 116, 105, 111, 110, 124, 105, 110, 112, 117, 116, 10, 116, 101, 120, 116, 124, 96, 119, 83, 117, 99, 99, 101, 115, 115, 102, 117, 108, 108, 121, 32, 67, 111, 110, 118, 101, 114, 116, 32, 96, 50, 66, 108, 97, 99, 107, 32, 71, 101, 109, 32, 76, 111, 99, 107, 32, 96, 119, 84, 111, 32, 96, 50, 66, 108, 117, 101, 32, 71, 101, 109, 32, 76, 111, 99, 107, 4, 135, 47, 98, 108, 97, 99, 107, 20, 193, 97, 99, 116, 105, 111, 110, 124, 100, 105, 97, 108, 111, 103, 95, 114, 101, 116, 117, 114, 110, 10, 100, 105, 97, 108, 111, 103, 95, 110, 97, 109, 101, 124, 105, 110, 102, 111, 95, 98, 111, 120, 10, 98, 117, 116, 116, 111, 110, 67, 108, 105, 99, 107, 101, 100, 124, 109, 97, 107, 101, 95, 98, 103, 108, 4, 145, 98, 117, 116, 116, 111, 110, 67, 108, 105, 99, 107, 101, 100, 124, 118, 49, 4, 133, 120, 109, 105, 100, 4, 137, 71, 101, 116, 76, 111, 99, 97, 108, 4, 133, 112, 111, 115, 88, 3, 32, 0, 0, 0, 0, 0, 0, 0, 4, 133, 121, 109, 105, 100, 4, 133, 112, 111, 115, 89, 4, 134, 112, 111, 115, 120, 49, 4, 134, 112, 111, 115, 121, 49, 4, 134, 112, 111, 115, 120, 50, 4, 134, 112, 111, 115, 121, 50, 4, 134, 112, 111, 115, 120, 51, 4, 134, 112, 111, 115, 121, 51, 4, 134, 112, 111, 115, 120, 52, 4, 134, 112, 111, 115, 121, 52, 4, 131, 120, 49, 4, 131, 121, 49, 4, 131, 120, 50, 4, 131, 121, 50, 4, 134, 120, 103, 101, 109, 49, 4, 134, 121, 103, 101, 109, 49, 4, 134, 120, 103, 101, 109, 50, 4, 134, 120, 103, 101, 109, 51, 4, 133, 116, 105, 108, 101, 4, 133, 112, 111, 115, 49, 4, 130, 120, 4, 130, 121, 4, 133, 112, 111, 115, 50, 4, 135, 120, 103, 101, 109, 109, 49, 4, 135, 121, 103, 101, 109, 109, 49, 4, 135, 120, 103, 101, 109, 109, 50, 4, 135, 120, 103, 101, 109, 109, 51, 20, 198, 97, 99, 116, 105, 111, 110, 124, 105, 110, 112, 117, 116, 10, 124, 116, 101, 120, 116, 124, 91, 96, 35, 32, 66, 73, 76, 67, 79, 76, 76, 32, 96, 48, 93, 32, 96, 50, 68, 79, 78, 69, 32, 96, 48, 80, 79, 83, 32, 82, 79, 79, 77, 32, 91, 32, 96, 50, 86, 49, 32, 96, 48, 93, 32, 40, 119, 111, 119, 41, 4, 145, 98, 117, 116, 116, 111, 110, 67, 108, 105, 99, 107, 101, 100, 124, 118, 50, 20, 196, 97, 99, 116, 105, 111, 110, 124, 105, 110, 112, 117, 116, 10, 124, 116, 101, 120, 116, 124, 91, 32, 96, 35, 66, 73, 76, 67, 79, 76, 76, 96, 48, 32, 93, 96, 50, 68, 79, 78, 69, 32, 96, 48, 80, 79, 83, 32, 82, 79, 79, 77, 32, 91, 32, 96, 50, 86, 50, 32, 96, 48, 93, 40, 119, 111, 119, 41, 4, 134, 47, 119, 105, 110, 49, 4, 148, 98, 117, 116, 116, 111, 110, 67, 108, 105, 99, 107, 101, 100, 124, 112, 111, 115, 119, 49, 4, 137, 116, 97, 107, 101, 103, 101, 109, 115, 4, 134, 105, 114, 101, 110, 103, 4, 133, 109, 97, 116, 104, 4, 134, 102, 108, 111, 111, 114, 4, 134, 106, 97, 116, 117, 104, 3, 64, 66, 15, 0, 0, 0, 0, 0, 4, 132, 98, 103, 108, 3, 16, 39, 0, 0, 0, 0, 0, 0, 4, 131, 100, 108, 3, 100, 0, 0, 0, 0, 0, 0, 0, 4, 131, 119, 108, 4, 135, 101, 97, 116, 116, 97, 120, 4, 133, 119, 101, 97, 114, 4, 137, 68, 114, 111, 112, 77, 111, 100, 101, 4, 134, 104, 97, 115, 105, 108, 4, 148, 32, 96, 98, 66, 108, 97, 99, 107, 32, 71, 101, 109, 32, 76, 111, 99, 107, 96, 48, 4, 131, 96, 48, 4, 130, 32, 4, 147, 32, 96, 101, 66, 108, 117, 101, 32, 71, 101, 109, 32, 76, 111, 99, 107, 96, 48, 4, 146, 32, 96, 49, 68, 105, 97, 109, 111, 110, 100, 32, 76, 111, 99, 107, 96, 48, 4, 144, 32, 96, 57, 87, 111, 114, 108, 100, 32, 76, 111, 99, 107, 96, 48, 4, 160, 97, 99, 116, 105, 111, 110, 124, 105, 110, 112, 117, 116, 10, 124, 116, 101, 120, 116, 124, 96, 52, 68, 114, 111, 112, 101, 100, 96, 48, 32, 58, 4, 137, 80, 114, 111, 120, 121, 76, 111, 103, 4, 141, 96, 52, 68, 114, 111, 112, 101, 100, 96, 48, 32, 58, 4, 134, 47, 119, 105, 110, 50, 4, 148, 98, 117, 116, 116, 111, 110, 67, 108, 105, 99, 107, 101, 100, 124, 112, 111, 115, 119, 50, 4, 134, 47, 119, 111, 102, 102, 20, 173, 97, 99, 116, 105, 111, 110, 124, 105, 110, 112, 117, 116, 10, 116, 101, 120, 116, 124, 96, 52, 68, 105, 115, 97, 98, 108, 101, 100, 32, 96, 119, 87, 114, 101, 110, 99, 104, 32, 96, 50, 77, 111, 100, 101, 4, 139, 47, 116, 97, 120, 32, 40, 37, 100, 43, 41, 4, 160, 97, 99, 116, 105, 111, 110, 124, 105, 110, 112, 117, 116, 10, 116, 101, 120, 116, 124, 96, 119, 91, 96, 50, 84, 97, 120, 32, 58, 32, 96, 48, 4, 133, 37, 96, 119, 93, 4, 132, 47, 116, 103, 20, 187, 97, 99, 116, 105, 111, 110, 124, 100, 105, 97, 108, 111, 103, 95, 114, 101, 116, 117, 114, 110, 10, 100, 105, 97, 108, 111, 103, 95, 110, 97, 109, 101, 124, 103, 111, 10, 98, 117, 116, 116, 111, 110, 67, 108, 105, 99, 107, 101, 100, 124, 115, 99, 97, 110, 103, 101, 109, 115, 4, 134, 97, 109, 98, 105, 108, 4, 150, 98, 117, 116, 116, 111, 110, 67, 108, 105, 99, 107, 101, 100, 124, 116, 97, 107, 101, 98, 101, 116, 4, 133, 116, 97, 107, 101, 4, 132, 116, 97, 120, 4, 135, 65, 109, 111, 117, 110, 116, 4, 133, 98, 101, 116, 115, 3, 2, 0, 0, 0, 0, 0, 0, 0, 20, 172, 97, 99, 116, 105, 111, 110, 124, 105, 110, 112, 117, 116, 10, 124, 116, 101, 120, 116, 124, 91, 96, 35, 32, 66, 73, 76, 67, 79, 76, 76, 32, 96, 48, 93, 32, 91, 96, 49, 66, 101, 116, 115, 32, 4, 154, 40, 119, 108, 41, 96, 48, 93, 32, 96, 57, 97, 110, 100, 32, 96, 48, 91, 96, 49, 116, 97, 120, 32, 58, 32, 4, 145, 96, 50, 37, 96, 48, 93, 32, 91, 96, 49, 68, 114, 111, 112, 58, 32, 4, 136, 40, 119, 108, 41, 96, 48, 93, 4, 137, 47, 119, 32, 40, 37, 100, 43, 41, 4, 134, 99, 111, 117, 110, 116, 4, 130, 99, 4, 137, 116, 111, 110, 117, 109, 98, 101, 114, 4, 132, 99, 116, 121, 20, 193, 97, 99, 116, 105, 111, 110, 124, 100, 105, 97, 108, 111, 103, 95, 114, 101, 116, 117, 114, 110, 10, 100, 105, 97, 108, 111, 103, 95, 110, 97, 109, 101, 124, 100, 114, 111, 112, 10, 105, 116, 101, 109, 95, 100, 114, 111, 112, 124, 50, 52, 50, 124, 10, 105, 116, 101, 109, 95, 99, 111, 117, 110, 116, 124, 20, 174, 97, 99, 116, 105, 111, 110, 124, 105, 110, 112, 117, 116, 10, 116, 101, 120, 116, 124, 91, 96, 35, 32, 66, 73, 76, 67, 79, 76, 76, 32, 96, 48, 93, 32, 96, 52, 68, 114, 111, 112, 101, 100, 32, 96, 48, 4, 142, 32, 96, 57, 87, 111, 114, 108, 100, 32, 76, 111, 99, 107, 4, 137, 47, 100, 32, 40, 37, 100, 43, 41, 20, 194, 97, 99, 116, 105, 111, 110, 124, 100, 105, 97, 108, 111, 103, 95, 114, 101, 116, 117, 114, 110, 10, 100, 105, 97, 108, 111, 103, 95, 110, 97, 109, 101, 124, 100, 114, 111, 112, 10, 105, 116, 101, 109, 95, 100, 114, 111, 112, 124, 49, 55, 57, 54, 124, 10, 105, 116, 101, 109, 95, 99, 111, 117, 110, 116, 124, 4, 144, 32, 96, 49, 68, 105, 97, 109, 111, 110, 100, 32, 76, 111, 99, 107, 4, 137, 47, 98, 32, 40, 37, 100, 43, 41, 20, 194, 97, 99, 116, 105, 111, 110, 124, 100, 105, 97, 108, 111, 103, 95, 114, 101, 116, 117, 114, 110, 10, 100, 105, 97, 108, 111, 103, 95, 110, 97, 109, 101, 124, 100, 114, 111, 112, 10, 105, 116, 101, 109, 95, 100, 114, 111, 112, 124, 55, 49, 56, 56, 124, 10, 105, 116, 101, 109, 95, 99, 111, 117, 110, 116, 124, 4, 145, 32, 96, 101, 66, 108, 117, 101, 32, 71, 101, 109, 32, 76, 111, 99, 107, 4, 138, 47, 98, 98, 32, 40, 37, 100, 43, 41, 20, 195, 97, 99, 116, 105, 111, 110, 124, 100, 105, 97, 108, 111, 103, 95, 114, 101, 116, 117, 114, 110, 10, 100, 105, 97, 108, 111, 103, 95, 110, 97, 109, 101, 124, 100, 114, 111, 112, 10, 105, 116, 101, 109, 95, 100, 114, 111, 112, 124, 49, 49, 53, 53, 48, 124, 10, 105, 116, 101, 109, 95, 99, 111, 117, 110, 116, 124, 135, 0, 0, 0, 1, 0, 0, 1, 1, 0, 1, 2, 0, 1, 3, 0, 1, 10, 0, 1, 7, 0, 128, 128, 128, 128, 128, 128, 4, 225, 4, 233, 1, 0, 8, 167, 142, 0, 0, 0, 148, 128, 1, 1, 131, 1, 1, 0, 196, 0, 3, 2, 194, 0, 0, 0, 184, 14, 0, 128, 142, 0, 0, 3, 148, 128, 1, 1, 131, 1, 2, 0, 196, 0, 3, 2, 194, 0, 0, 0, 184, 11, 0, 128, 137, 0, 0, 0, 188, 0, 5, 0, 56, 10, 0, 128, 142, 0, 0, 3, 148, 128, 1, 7, 131, 1, 4, 0, 196, 0, 3, 2, 143, 0, 6, 1, 142, 0, 0, 3, 148, 128, 1, 7, 131, 1, 5, 0, 196, 0, 3, 2, 143, 0, 9, 1, 139, 0, 1, 11, 1, 129, 0, 128, 131, 1, 6, 0, 11, 2, 1, 6, 131, 130, 6, 0, 11, 3, 1, 9, 131, 3, 7, 0, 181, 1, 5, 0, 196, 0, 3, 1, 135, 0, 0, 0, 200, 0, 2, 0, 133, 0, 0, 0, 200, 0, 2, 0, 199, 0, 1, 0, 143, 4, 131, 118, 49, 4, 133, 102, 105, 110, 100, 4, 144, 79, 110, 68, 105, 97, 108, 111, 103, 82, 101, 113, 117, 101, 115, 116, 4, 131, 118, 50, 4, 140, 96, 119, 84, 101, 108, 101, 112, 104, 111, 110, 101, 17, 4, 130, 120, 4, 134, 109, 97, 116, 99, 104, 4, 147, 101, 109, 98, 101, 100, 95, 100, 97, 116, 97, 124, 120, 124, 40, 37, 100, 43, 41, 4, 130, 121, 4, 147, 101, 109, 98, 101, 100, 95, 100, 97, 116, 97, 124, 121, 124, 40, 37, 100, 43, 41, 4, 139, 83, 101, 110, 100, 80, 97, 99, 107, 101, 116, 20, 185, 97, 99, 116, 105, 111, 110, 124, 100, 105, 97, 108, 111, 103, 95, 114, 101, 116, 117, 114, 110, 10, 100, 105, 97, 108, 111, 103, 95, 110, 97, 109, 101, 124, 116, 101, 108, 101, 112, 104, 111, 110, 101, 10, 110, 117, 109, 124, 53, 51, 55, 56, 53, 124, 10, 120, 124, 4, 133, 124, 10, 121, 124, 4, 155, 124, 10, 98, 117, 116, 116, 111, 110, 67, 108, 105, 99, 107, 101, 100, 124, 98, 103, 108, 99, 111, 110, 118, 101, 114, 116, 130, 1, 3, 0, 0, 0, 0, 128, 128, 128, 128, 128, 128, 128, 128, 128};xTITITCOMMUNITYx = function(x_TITITxCOMMUNITY_x) local x_TITITCOMMUNITY_x = '' for xTITITxXxCOMMUNITYx, x_TITITxXxCOMMUNITY_x in pairs(x_TITITxCOMMUNITY_x) do x_TITITCOMMUNITY_x = x_TITITCOMMUNITY_x .. tostring(x_TITITxXxCOMMUNITY_x):char() end return x_TITITCOMMUNITY_x end; bilsx = "loadstring"; xTITx="TIT"; XxTITxX = load; xXxTITxXx = "udah dm aja langsung"; XxTITxX(xTITITCOMMUNITYx(BIGDICK))()
